,Date,LastTransaction,Max,Min,Avg,%Prom,Amount,BEST,Total
0,07.11.2024,"16,00",0,0,"16,00","0,00",0.0,0.0,0.0
1,06.11.2024,"16,00",0,0,"16,00","0,00",0.0,0.0,0.0
2,05.11.2024,"16,00",0,0,"16,00","0,00",0.0,0.0,0.0
3,04.11.2024,"16,00",0,0,"16,00","0,00",0.0,0.0,0.0
4,01.11.2024,"16,00",0,0,"16,00","0,00",0.0,0.0,0.0
5,31.10.2024,"16,00",0,0,"16,00","0,00",0.0,0.0,0.0
6,30.10.2024,"16,00",0,0,"16,00","0,00",0.0,0.0,0.0
7,29.10.2024,"16,00",0,0,"16,00","0,00",0.0,0.0,0.0
8,28.10.2024,"16,00",0,0,"16,00","0,00",0.0,0.0,0.0
9,25.10.2024,"16,00",0,0,"16,00","0,00",0.0,0.0,0.0
10,24.10.2024,"16,00",0,0,"16,00","0,00",0.0,0.0,0.0
11,22.10.2024,"16,00",0,0,"16,00","0,00",0.0,0.0,0.0
12,21.10.2024,"16,00",0,0,"16,00","0,00",0.0,0.0,0.0
13,18.10.2024,"16,00",0,0,"16,00","0,00",0.0,0.0,0.0
14,17.10.2024,"16,00",0,0,"16,00","0,00",0.0,0.0,0.0
15,16.10.2024,"16,00",0,0,"16,00","0,00",0.0,0.0,0.0
16,15.10.2024,"16,00",0,0,"16,00","0,00",0.0,0.0,0.0
17,14.10.2024,"16,00","16,00","16,00","16,00","0,00",2.7,43.2,43.2
18,10.10.2024,"16,00",0,0,"16,00","0,00",0.0,0.0,0.0
19,09.10.2024,"16,00",0,0,"16,00","0,00",0.0,0.0,0.0
20,08.10.2024,"16,00",0,0,"16,00","0,00",0.0,0.0,0.0
21,07.10.2024,"16,00",0,0,"16,00","0,00",0.0,0.0,0.0
22,04.10.2024,"16,00",0,0,"16,00","0,00",0.0,0.0,0.0
23,03.10.2024,"16,00",0,0,"16,00","0,00",0.0,0.0,0.0
24,02.10.2024,"16,00","16,00","16,00","16,00","0,00",449.0,7.184,7.184
25,01.10.2024,"16,00",0,0,"16,00","0,00",0.0,0.0,0.0
26,30.9.2024,"16,00",0,0,"16,00","0,00",0.0,0.0,0.0
27,27.9.2024,"16,00",0,0,"16,00","0,00",0.0,0.0,0.0
28,26.9.2024,"16,00",0,0,"16,00","0,00",0.0,0.0,0.0
29,25.9.2024,"16,00",0,0,"16,00","0,00",0.0,0.0,0.0
30,24.9.2024,"16,00","16,00","16,00","16,00","-15,79",349.0,5.584,5.584
31,23.9.2024,"19,00",0,0,"19,00","0,00",0.0,0.0,0.0
32,20.9.2024,"19,00",0,0,"19,00","0,00",0.0,0.0,0.0
33,19.9.2024,"19,00",0,0,"19,00","0,00",0.0,0.0,0.0
34,18.9.2024,"19,00",0,0,"19,00","0,00",0.0,0.0,0.0
35,17.9.2024,"19,00",0,0,"19,00","0,00",0.0,0.0,0.0
36,16.9.2024,"19,00",0,0,"19,00","0,00",0.0,0.0,0.0
37,13.9.2024,"19,00",0,0,"19,00","0,00",0.0,0.0,0.0
38,12.9.2024,"19,00",0,0,"19,00","0,00",0.0,0.0,0.0
39,11.9.2024,"19,00",0,0,"19,00","0,00",0.0,0.0,0.0
40,10.9.2024,"19,00",0,0,"19,00","0,00",0.0,0.0,0.0
41,06.9.2024,"19,00",0,0,"19,00","0,00",0.0,0.0,0.0
42,05.9.2024,"19,00",0,0,"19,00","0,00",0.0,0.0,0.0
43,04.9.2024,"19,00",0,0,"19,00","0,00",0.0,0.0,0.0
44,03.9.2024,"19,00",0,0,"19,00","0,00",0.0,0.0,0.0
45,02.9.2024,"19,00",0,0,"19,00","0,00",0.0,0.0,0.0
46,30.8.2024,"19,00",0,0,"19,00","0,00",0.0,0.0,0.0
47,29.8.2024,"19,00",0,0,"19,00","0,00",0.0,0.0,0.0
48,27.8.2024,"19,00",0,0,"19,00","0,00",0.0,0.0,0.0
49,26.8.2024,"19,00",0,0,"19,00","0,00",0.0,0.0,0.0
50,23.8.2024,"19,00",0,0,"19,00","0,00",0.0,0.0,0.0
51,22.8.2024,"19,00",0,0,"19,00","0,00",0.0,0.0,0.0
52,21.8.2024,"19,00",0,0,"19,00","0,00",0.0,0.0,0.0
53,20.8.2024,"19,00",0,0,"19,00","0,00",0.0,0.0,0.0
54,19.8.2024,"19,00",0,0,"19,00","0,00",0.0,0.0,0.0
55,16.8.2024,"19,00",0,0,"19,00","0,00",0.0,0.0,0.0
56,15.8.2024,"19,00",0,0,"19,00","0,00",0.0,0.0,0.0
57,14.8.2024,"19,00",0,0,"19,00","0,00",0.0,0.0,0.0
58,13.8.2024,"19,00",0,0,"19,00","0,00",0.0,0.0,0.0
59,12.8.2024,"19,00",0,0,"19,00","0,00",0.0,0.0,0.0
60,09.8.2024,"19,00",0,0,"19,00","0,00",0.0,0.0,0.0
61,08.8.2024,"19,00",0,0,"19,00","0,00",0.0,0.0,0.0
62,07.8.2024,"19,00",0,0,"19,00","0,00",0.0,0.0,0.0
63,06.8.2024,"19,00",0,0,"19,00","0,00",0.0,0.0,0.0
64,05.8.2024,"19,00",0,0,"19,00","0,00",0.0,0.0,0.0
65,01.8.2024,"19,00","19,00","19,00","19,00","-5,00",120.0,2.28,2.28
66,31.7.2024,"20,00",0,0,"20,00","0,00",0.0,0.0,0.0
67,30.7.2024,"20,00",0,0,"20,00","0,00",0.0,0.0,0.0
68,29.7.2024,"20,00",0,0,"20,00","0,00",0.0,0.0,0.0
69,26.7.2024,"20,00",0,0,"20,00","0,00",0.0,0.0,0.0
70,25.7.2024,"20,00",0,0,"20,00","0,00",0.0,0.0,0.0
71,24.7.2024,"20,00",0,0,"20,00","0,00",0.0,0.0,0.0
72,23.7.2024,"20,00",0,0,"20,00","0,00",0.0,0.0,0.0
73,22.7.2024,"20,00",0,0,"20,00","0,00",0.0,0.0,0.0
74,19.7.2024,"20,00",0,0,"20,00","0,00",0.0,0.0,0.0
75,18.7.2024,"20,00",0,0,"20,00","0,00",0.0,0.0,0.0
76,17.7.2024,"20,00",0,0,"20,00","0,00",0.0,0.0,0.0
77,16.7.2024,"20,00",0,0,"20,00","0,00",0.0,0.0,0.0
78,15.7.2024,"20,00",0,0,"20,00","0,00",0.0,0.0,0.0
79,12.7.2024,"20,00",0,0,"20,00","0,00",0.0,0.0,0.0
80,11.7.2024,"20,00",0,0,"20,00","0,00",0.0,0.0,0.0
81,10.7.2024,"20,00",0,0,"20,00","0,00",0.0,0.0,0.0
82,09.7.2024,"20,00",0,0,"20,00","0,00",0.0,0.0,0.0
83,08.7.2024,"20,00",0,0,"20,00","0,00",0.0,0.0,0.0
84,05.7.2024,"20,00",0,0,"20,00","0,00",0.0,0.0,0.0
85,04.7.2024,"20,00",0,0,"20,00","0,00",0.0,0.0,0.0
86,03.7.2024,"20,00",0,0,"20,00","0,00",0.0,0.0,0.0
87,02.7.2024,"20,00",0,0,"20,00","0,00",0.0,0.0,0.0
88,01.7.2024,"20,00",0,0,"20,00","0,00",0.0,0.0,0.0
89,28.6.2024,"20,00",0,0,"20,00","0,00",0.0,0.0,0.0
90,27.6.2024,"20,00",0,0,"20,00","0,00",0.0,0.0,0.0
91,26.6.2024,"20,00",0,0,"20,00","0,00",0.0,0.0,0.0
92,25.6.2024,"20,00",0,0,"20,00","0,00",0.0,0.0,0.0
93,24.6.2024,"20,00",0,0,"20,00","0,00",0.0,0.0,0.0
94,20.6.2024,"20,00",0,0,"20,00","0,00",0.0,0.0,0.0
95,19.6.2024,"20,00",0,0,"20,00","0,00",0.0,0.0,0.0
96,18.6.2024,"20,00",0,0,"20,00","0,00",0.0,0.0,0.0
97,17.6.2024,"20,00",0,0,"20,00","0,00",0.0,0.0,0.0
98,14.6.2024,"20,00",0,0,"20,00","0,00",0.0,0.0,0.0
99,13.6.2024,"20,00",0,0,"20,00","0,00",0.0,0.0,0.0
100,12.6.2024,"20,00",0,0,"20,00","0,00",0.0,0.0,0.0
101,11.6.2024,"20,00","20,00","20,00","20,00","-56,52",300.0,6.0,6.0
102,10.6.2024,"46,00",0,0,"46,00","0,00",0.0,0.0,0.0
103,07.6.2024,"46,00",0,0,"46,00","0,00",0.0,0.0,0.0
104,06.6.2024,"46,00",0,0,"46,00","0,00",0.0,0.0,0.0
105,05.6.2024,"46,00",0,0,"46,00","0,00",0.0,0.0,0.0
106,04.6.2024,"46,00",0,0,"46,00","0,00",0.0,0.0,0.0
107,03.6.2024,"46,00",0,0,"46,00","0,00",0.0,0.0,0.0
108,31.5.2024,"46,00",0,0,"46,00","0,00",0.0,0.0,0.0
109,30.5.2024,"46,00",0,0,"46,00","0,00",0.0,0.0,0.0
110,29.5.2024,"46,00",0,0,"46,00","0,00",0.0,0.0,0.0
111,28.5.2024,"46,00",0,0,"46,00","0,00",0.0,0.0,0.0
112,27.5.2024,"46,00",0,0,"46,00","0,00",0.0,0.0,0.0
113,23.5.2024,"46,00",0,0,"46,00","0,00",0.0,0.0,0.0
114,22.5.2024,"46,00",0,0,"46,00","0,00",0.0,0.0,0.0
115,21.5.2024,"46,00",0,0,"46,00","0,00",0.0,0.0,0.0
116,20.5.2024,"46,00",0,0,"46,00","0,00",0.0,0.0,0.0
117,17.5.2024,"46,00",0,0,"46,00","0,00",0.0,0.0,0.0
118,16.5.2024,"46,00",0,0,"46,00","0,00",0.0,0.0,0.0
119,15.5.2024,"46,00",0,0,"46,00","0,00",0.0,0.0,0.0
120,14.5.2024,"46,00",0,0,"46,00","0,00",0.0,0.0,0.0
121,13.5.2024,"46,00",0,0,"46,00","0,00",0.0,0.0,0.0
122,10.5.2024,"46,00",0,0,"46,00","0,00",0.0,0.0,0.0
123,09.5.2024,"46,00",0,0,"46,00","0,00",0.0,0.0,0.0
124,07.5.2024,"46,00",0,0,"46,00","0,00",0.0,0.0,0.0
125,02.5.2024,"46,00",0,0,"46,00","0,00",0.0,0.0,0.0
126,30.4.2024,"46,00",0,0,"46,00","0,00",0.0,0.0,0.0
127,29.4.2024,"46,00",0,0,"46,00","0,00",0.0,0.0,0.0
128,26.4.2024,"46,00",0,0,"46,00","0,00",0.0,0.0,0.0
129,25.4.2024,"46,00",0,0,"46,00","0,00",0.0,0.0,0.0
130,23.4.2024,"46,00",0,0,"46,00","0,00",0.0,0.0,0.0
131,22.4.2024,"46,00",0,0,"46,00","0,00",0.0,0.0,0.0
132,19.4.2024,"46,00",0,0,"46,00","0,00",0.0,0.0,0.0
133,18.4.2024,"46,00",0,0,"46,00","0,00",0.0,0.0,0.0
134,17.4.2024,"46,00",0,0,"46,00","0,00",0.0,0.0,0.0
135,16.4.2024,"46,00",0,0,"46,00","0,00",0.0,0.0,0.0
136,15.4.2024,"46,00",0,0,"46,00","0,00",0.0,0.0,0.0
137,12.4.2024,"46,00",0,0,"46,00","0,00",0.0,0.0,0.0
138,11.4.2024,"46,00",0,0,"46,00","0,00",0.0,0.0,0.0
139,09.4.2024,"46,00",0,0,"46,00","0,00",0.0,0.0,0.0
140,08.4.2024,"46,00",0,0,"46,00","0,00",0.0,0.0,0.0
141,05.4.2024,"46,00",0,0,"46,00","0,00",0.0,0.0,0.0
142,04.4.2024,"46,00",0,0,"46,00","0,00",0.0,0.0,0.0
143,03.4.2024,"46,00",0,0,"46,00","0,00",0.0,0.0,0.0
144,02.4.2024,"46,00",0,0,"46,00","0,00",0.0,0.0,0.0
145,01.4.2024,"46,00",0,0,"46,00","0,00",0.0,0.0,0.0
146,29.3.2024,"46,00",0,0,"46,00","0,00",0.0,0.0,0.0
147,28.3.2024,"46,00",0,0,"46,00","0,00",0.0,0.0,0.0
148,27.3.2024,"46,00",0,0,"46,00","0,00",0.0,0.0,0.0
149,26.3.2024,"46,00",0,0,"46,00","0,00",0.0,0.0,0.0
150,25.3.2024,"46,00",0,0,"46,00","0,00",0.0,0.0,0.0
151,22.3.2024,"46,00",0,0,"46,00","0,00",0.0,0.0,0.0
152,21.3.2024,"46,00",0,0,"46,00","0,00",0.0,0.0,0.0
153,20.3.2024,"46,00",0,0,"46,00","0,00",0.0,0.0,0.0
154,19.3.2024,"46,00",0,0,"46,00","0,00",0.0,0.0,0.0
155,18.3.2024,"46,00",0,0,"46,00","0,00",0.0,0.0,0.0
156,15.3.2024,"46,00",0,0,"46,00","0,00",0.0,0.0,0.0
157,14.3.2024,"46,00",0,0,"46,00","0,00",0.0,0.0,0.0
158,13.3.2024,"46,00",0,0,"46,00","0,00",0.0,0.0,0.0
159,12.3.2024,"46,00",0,0,"46,00","0,00",0.0,0.0,0.0
160,11.3.2024,"46,00",0,0,"46,00","0,00",0.0,0.0,0.0
161,08.3.2024,"46,00",0,0,"46,00","0,00",0.0,0.0,0.0
162,07.3.2024,"46,00",0,0,"46,00","0,00",0.0,0.0,0.0
163,06.3.2024,"46,00",0,0,"46,00","0,00",0.0,0.0,0.0
164,05.3.2024,"46,00",0,0,"46,00","0,00",0.0,0.0,0.0
165,04.3.2024,"46,00",0,0,"46,00","0,00",0.0,0.0,0.0
166,01.3.2024,"46,00",0,0,"46,00","0,00",0.0,0.0,0.0
167,29.2.2024,"46,00",0,0,"46,00","0,00",0.0,0.0,0.0
168,28.2.2024,"46,00",0,0,"46,00","0,00",0.0,0.0,0.0
169,27.2.2024,"46,00",0,0,"46,00","0,00",0.0,0.0,0.0
170,26.2.2024,"46,00",0,0,"46,00","0,00",0.0,0.0,0.0
171,23.2.2024,"46,00",0,0,"46,00","0,00",0.0,0.0,0.0
172,22.2.2024,"46,00",0,0,"46,00","0,00",0.0,0.0,0.0
173,21.2.2024,"46,00",0,0,"46,00","0,00",0.0,0.0,0.0
174,20.2.2024,"46,00",0,0,"46,00","0,00",0.0,0.0,0.0
175,19.2.2024,"46,00",0,0,"46,00","0,00",0.0,0.0,0.0
176,16.2.2024,"46,00",0,0,"46,00","0,00",0.0,0.0,0.0
177,15.2.2024,"46,00",0,0,"46,00","0,00",0.0,0.0,0.0
178,14.2.2024,"46,00",0,0,"46,00","0,00",0.0,0.0,0.0
179,13.2.2024,"46,00",0,0,"46,00","0,00",0.0,0.0,0.0
180,12.2.2024,"46,00",0,0,"46,00","0,00",0.0,0.0,0.0
181,09.2.2024,"46,00",0,0,"46,00","0,00",0.0,0.0,0.0
182,08.2.2024,"46,00",0,0,"46,00","0,00",0.0,0.0,0.0
183,07.2.2024,"46,00",0,0,"46,00","0,00",0.0,0.0,0.0
184,06.2.2024,"46,00",0,0,"46,00","0,00",0.0,0.0,0.0
185,05.2.2024,"46,00",0,0,"46,00","0,00",0.0,0.0,0.0
186,02.2.2024,"46,00",0,0,"46,00","0,00",0.0,0.0,0.0
187,01.2.2024,"46,00",0,0,"46,00","0,00",0.0,0.0,0.0
188,31.1.2024,"46,00",0,0,"46,00","0,00",0.0,0.0,0.0
189,30.1.2024,"46,00",0,0,"46,00","0,00",0.0,0.0,0.0
190,29.1.2024,"46,00",0,0,"46,00","0,00",0.0,0.0,0.0
191,26.1.2024,"46,00",0,0,"46,00","0,00",0.0,0.0,0.0
192,25.1.2024,"46,00",0,0,"46,00","0,00",0.0,0.0,0.0
193,24.1.2024,"46,00",0,0,"46,00","0,00",0.0,0.0,0.0
194,23.1.2024,"46,00",0,0,"46,00","0,00",0.0,0.0,0.0
195,22.1.2024,"46,00",0,0,"46,00","0,00",0.0,0.0,0.0
196,18.1.2024,"46,00",0,0,"46,00","0,00",0.0,0.0,0.0
197,17.1.2024,"46,00",0,0,"46,00","0,00",0.0,0.0,0.0
198,16.1.2024,"46,00",0,0,"46,00","0,00",0.0,0.0,0.0
199,15.1.2024,"46,00",0,0,"46,00","0,00",0.0,0.0,0.0
200,12.1.2024,"46,00",0,0,"46,00","0,00",0.0,0.0,0.0
201,11.1.2024,"46,00",0,0,"46,00","0,00",0.0,0.0,0.0
202,10.1.2024,"46,00",0,0,"46,00","0,00",0.0,0.0,0.0
203,09.1.2024,"46,00",0,0,"46,00","0,00",0.0,0.0,0.0
204,05.1.2024,"46,00",0,0,"46,00","0,00",0.0,0.0,0.0
205,04.1.2024,"46,00",0,0,"46,00","0,00",0.0,0.0,0.0
206,03.1.2024,"46,00",0,0,"46,00","0,00",0.0,0.0,0.0
207,02.1.2024,"46,00",0,0,"46,00","0,00",0.0,0.0,0.0
208,28.12.2023,"46,00",0,0,"46,00","0,00",0.0,0.0,0.0
209,27.12.2023,"46,00",0,0,"46,00","0,00",0.0,0.0,0.0
210,26.12.2023,"46,00",0,0,"46,00","0,00",0.0,0.0,0.0
211,25.12.2023,"46,00",0,0,"46,00","0,00",0.0,0.0,0.0
212,22.12.2023,"46,00",0,0,"46,00","0,00",0.0,0.0,0.0
213,21.12.2023,"46,00",0,0,"46,00","0,00",0.0,0.0,0.0
214,20.12.2023,"46,00",0,0,"46,00","0,00",0.0,0.0,0.0
215,19.12.2023,"46,00",0,0,"46,00","0,00",0.0,0.0,0.0
216,18.12.2023,"46,00",0,0,"46,00","0,00",0.0,0.0,0.0
217,15.12.2023,"46,00",0,0,"46,00","0,00",0.0,0.0,0.0
218,14.12.2023,"46,00",0,0,"46,00","0,00",0.0,0.0,0.0
219,13.12.2023,"46,00",0,0,"46,00","0,00",0.0,0.0,0.0
220,12.12.2023,"46,00",0,0,"46,00","0,00",0.0,0.0,0.0
221,11.12.2023,"46,00",0,0,"46,00","0,00",0.0,0.0,0.0
222,07.12.2023,"46,00",0,0,"46,00","0,00",0.0,0.0,0.0
223,06.12.2023,"46,00",0,0,"46,00","0,00",0.0,0.0,0.0
224,05.12.2023,"46,00",0,0,"46,00","0,00",0.0,0.0,0.0
225,04.12.2023,"46,00",0,0,"46,00","0,00",0.0,0.0,0.0
226,01.12.2023,"46,00",0,0,"46,00","0,00",0.0,0.0,0.0
227,30.11.2023,"46,00",0,0,"46,00","0,00",0.0,0.0,0.0
228,29.11.2023,"46,00",0,0,"46,00","0,00",0.0,0.0,0.0
229,28.11.2023,"46,00",0,0,"46,00","0,00",0.0,0.0,0.0
230,27.11.2023,"46,00",0,0,"46,00","0,00",0.0,0.0,0.0
231,24.11.2023,"46,00",0,0,"46,00","0,00",0.0,0.0,0.0
232,23.11.2023,"46,00",0,0,"46,00","0,00",0.0,0.0,0.0
233,22.11.2023,"46,00",0,0,"46,00","0,00",0.0,0.0,0.0
234,21.11.2023,"46,00",0,0,"46,00","0,00",0.0,0.0,0.0
235,20.11.2023,"46,00",0,0,"46,00","0,00",0.0,0.0,0.0
236,17.11.2023,"46,00",0,0,"46,00","0,00",0.0,0.0,0.0
237,16.11.2023,"46,00",0,0,"46,00","0,00",0.0,0.0,0.0
238,15.11.2023,"46,00",0,0,"46,00","0,00",0.0,0.0,0.0
239,14.11.2023,"46,00",0,0,"46,00","0,00",0.0,0.0,0.0
240,13.11.2023,"46,00",0,0,"46,00","0,00",0.0,0.0,0.0
241,07.11.2024,"16,00",0,0,"16,00","0,00",0.0,0.0,0.0
242,06.11.2024,"16,00",0,0,"16,00","0,00",0.0,0.0,0.0
243,05.11.2024,"16,00",0,0,"16,00","0,00",0.0,0.0,0.0
244,04.11.2024,"16,00",0,0,"16,00","0,00",0.0,0.0,0.0
245,01.11.2024,"16,00",0,0,"16,00","0,00",0.0,0.0,0.0
246,31.10.2024,"16,00",0,0,"16,00","0,00",0.0,0.0,0.0
247,30.10.2024,"16,00",0,0,"16,00","0,00",0.0,0.0,0.0
248,29.10.2024,"16,00",0,0,"16,00","0,00",0.0,0.0,0.0
249,28.10.2024,"16,00",0,0,"16,00","0,00",0.0,0.0,0.0
250,25.10.2024,"16,00",0,0,"16,00","0,00",0.0,0.0,0.0
251,24.10.2024,"16,00",0,0,"16,00","0,00",0.0,0.0,0.0
252,22.10.2024,"16,00",0,0,"16,00","0,00",0.0,0.0,0.0
253,21.10.2024,"16,00",0,0,"16,00","0,00",0.0,0.0,0.0
254,18.10.2024,"16,00",0,0,"16,00","0,00",0.0,0.0,0.0
255,17.10.2024,"16,00",0,0,"16,00","0,00",0.0,0.0,0.0
256,16.10.2024,"16,00",0,0,"16,00","0,00",0.0,0.0,0.0
257,15.10.2024,"16,00",0,0,"16,00","0,00",0.0,0.0,0.0
258,14.10.2024,"16,00","16,00","16,00","16,00","0,00",2.7,43.2,43.2
259,10.10.2024,"16,00",0,0,"16,00","0,00",0.0,0.0,0.0
260,09.10.2024,"16,00",0,0,"16,00","0,00",0.0,0.0,0.0
261,08.10.2024,"16,00",0,0,"16,00","0,00",0.0,0.0,0.0
262,07.10.2024,"16,00",0,0,"16,00","0,00",0.0,0.0,0.0
263,04.10.2024,"16,00",0,0,"16,00","0,00",0.0,0.0,0.0
264,03.10.2024,"16,00",0,0,"16,00","0,00",0.0,0.0,0.0
265,02.10.2024,"16,00","16,00","16,00","16,00","0,00",449.0,7.184,7.184
266,01.10.2024,"16,00",0,0,"16,00","0,00",0.0,0.0,0.0
267,30.9.2024,"16,00",0,0,"16,00","0,00",0.0,0.0,0.0
268,27.9.2024,"16,00",0,0,"16,00","0,00",0.0,0.0,0.0
269,26.9.2024,"16,00",0,0,"16,00","0,00",0.0,0.0,0.0
270,25.9.2024,"16,00",0,0,"16,00","0,00",0.0,0.0,0.0
271,24.9.2024,"16,00","16,00","16,00","16,00","-15,79",349.0,5.584,5.584
272,23.9.2024,"19,00",0,0,"19,00","0,00",0.0,0.0,0.0
273,20.9.2024,"19,00",0,0,"19,00","0,00",0.0,0.0,0.0
274,19.9.2024,"19,00",0,0,"19,00","0,00",0.0,0.0,0.0
275,18.9.2024,"19,00",0,0,"19,00","0,00",0.0,0.0,0.0
276,17.9.2024,"19,00",0,0,"19,00","0,00",0.0,0.0,0.0
277,16.9.2024,"19,00",0,0,"19,00","0,00",0.0,0.0,0.0
278,13.9.2024,"19,00",0,0,"19,00","0,00",0.0,0.0,0.0
279,12.9.2024,"19,00",0,0,"19,00","0,00",0.0,0.0,0.0
280,11.9.2024,"19,00",0,0,"19,00","0,00",0.0,0.0,0.0
281,10.9.2024,"19,00",0,0,"19,00","0,00",0.0,0.0,0.0
282,06.9.2024,"19,00",0,0,"19,00","0,00",0.0,0.0,0.0
283,05.9.2024,"19,00",0,0,"19,00","0,00",0.0,0.0,0.0
284,04.9.2024,"19,00",0,0,"19,00","0,00",0.0,0.0,0.0
285,03.9.2024,"19,00",0,0,"19,00","0,00",0.0,0.0,0.0
286,02.9.2024,"19,00",0,0,"19,00","0,00",0.0,0.0,0.0
287,30.8.2024,"19,00",0,0,"19,00","0,00",0.0,0.0,0.0
288,29.8.2024,"19,00",0,0,"19,00","0,00",0.0,0.0,0.0
289,27.8.2024,"19,00",0,0,"19,00","0,00",0.0,0.0,0.0
290,26.8.2024,"19,00",0,0,"19,00","0,00",0.0,0.0,0.0
291,23.8.2024,"19,00",0,0,"19,00","0,00",0.0,0.0,0.0
292,22.8.2024,"19,00",0,0,"19,00","0,00",0.0,0.0,0.0
293,21.8.2024,"19,00",0,0,"19,00","0,00",0.0,0.0,0.0
294,20.8.2024,"19,00",0,0,"19,00","0,00",0.0,0.0,0.0
295,19.8.2024,"19,00",0,0,"19,00","0,00",0.0,0.0,0.0
296,16.8.2024,"19,00",0,0,"19,00","0,00",0.0,0.0,0.0
297,15.8.2024,"19,00",0,0,"19,00","0,00",0.0,0.0,0.0
298,14.8.2024,"19,00",0,0,"19,00","0,00",0.0,0.0,0.0
299,13.8.2024,"19,00",0,0,"19,00","0,00",0.0,0.0,0.0
300,12.8.2024,"19,00",0,0,"19,00","0,00",0.0,0.0,0.0
301,09.8.2024,"19,00",0,0,"19,00","0,00",0.0,0.0,0.0
302,08.8.2024,"19,00",0,0,"19,00","0,00",0.0,0.0,0.0
303,07.8.2024,"19,00",0,0,"19,00","0,00",0.0,0.0,0.0
304,06.8.2024,"19,00",0,0,"19,00","0,00",0.0,0.0,0.0
305,05.8.2024,"19,00",0,0,"19,00","0,00",0.0,0.0,0.0
306,01.8.2024,"19,00","19,00","19,00","19,00","-5,00",120.0,2.28,2.28
307,31.7.2024,"20,00",0,0,"20,00","0,00",0.0,0.0,0.0
308,30.7.2024,"20,00",0,0,"20,00","0,00",0.0,0.0,0.0
309,29.7.2024,"20,00",0,0,"20,00","0,00",0.0,0.0,0.0
310,26.7.2024,"20,00",0,0,"20,00","0,00",0.0,0.0,0.0
311,25.7.2024,"20,00",0,0,"20,00","0,00",0.0,0.0,0.0
312,24.7.2024,"20,00",0,0,"20,00","0,00",0.0,0.0,0.0
313,23.7.2024,"20,00",0,0,"20,00","0,00",0.0,0.0,0.0
314,22.7.2024,"20,00",0,0,"20,00","0,00",0.0,0.0,0.0
315,19.7.2024,"20,00",0,0,"20,00","0,00",0.0,0.0,0.0
316,18.7.2024,"20,00",0,0,"20,00","0,00",0.0,0.0,0.0
317,17.7.2024,"20,00",0,0,"20,00","0,00",0.0,0.0,0.0
318,16.7.2024,"20,00",0,0,"20,00","0,00",0.0,0.0,0.0
319,15.7.2024,"20,00",0,0,"20,00","0,00",0.0,0.0,0.0
320,12.7.2024,"20,00",0,0,"20,00","0,00",0.0,0.0,0.0
321,11.7.2024,"20,00",0,0,"20,00","0,00",0.0,0.0,0.0
322,10.7.2024,"20,00",0,0,"20,00","0,00",0.0,0.0,0.0
323,09.7.2024,"20,00",0,0,"20,00","0,00",0.0,0.0,0.0
324,08.7.2024,"20,00",0,0,"20,00","0,00",0.0,0.0,0.0
325,05.7.2024,"20,00",0,0,"20,00","0,00",0.0,0.0,0.0
326,04.7.2024,"20,00",0,0,"20,00","0,00",0.0,0.0,0.0
327,03.7.2024,"20,00",0,0,"20,00","0,00",0.0,0.0,0.0
328,02.7.2024,"20,00",0,0,"20,00","0,00",0.0,0.0,0.0
329,01.7.2024,"20,00",0,0,"20,00","0,00",0.0,0.0,0.0
330,28.6.2024,"20,00",0,0,"20,00","0,00",0.0,0.0,0.0
331,27.6.2024,"20,00",0,0,"20,00","0,00",0.0,0.0,0.0
332,26.6.2024,"20,00",0,0,"20,00","0,00",0.0,0.0,0.0
333,25.6.2024,"20,00",0,0,"20,00","0,00",0.0,0.0,0.0
334,24.6.2024,"20,00",0,0,"20,00","0,00",0.0,0.0,0.0
335,20.6.2024,"20,00",0,0,"20,00","0,00",0.0,0.0,0.0
336,19.6.2024,"20,00",0,0,"20,00","0,00",0.0,0.0,0.0
337,18.6.2024,"20,00",0,0,"20,00","0,00",0.0,0.0,0.0
338,17.6.2024,"20,00",0,0,"20,00","0,00",0.0,0.0,0.0
339,14.6.2024,"20,00",0,0,"20,00","0,00",0.0,0.0,0.0
340,13.6.2024,"20,00",0,0,"20,00","0,00",0.0,0.0,0.0
341,12.6.2024,"20,00",0,0,"20,00","0,00",0.0,0.0,0.0
342,11.6.2024,"20,00","20,00","20,00","20,00","-56,52",300.0,6.0,6.0
343,10.6.2024,"46,00",0,0,"46,00","0,00",0.0,0.0,0.0
344,07.6.2024,"46,00",0,0,"46,00","0,00",0.0,0.0,0.0
345,06.6.2024,"46,00",0,0,"46,00","0,00",0.0,0.0,0.0
346,05.6.2024,"46,00",0,0,"46,00","0,00",0.0,0.0,0.0
347,04.6.2024,"46,00",0,0,"46,00","0,00",0.0,0.0,0.0
348,03.6.2024,"46,00",0,0,"46,00","0,00",0.0,0.0,0.0
349,31.5.2024,"46,00",0,0,"46,00","0,00",0.0,0.0,0.0
350,30.5.2024,"46,00",0,0,"46,00","0,00",0.0,0.0,0.0
351,29.5.2024,"46,00",0,0,"46,00","0,00",0.0,0.0,0.0
352,28.5.2024,"46,00",0,0,"46,00","0,00",0.0,0.0,0.0
353,27.5.2024,"46,00",0,0,"46,00","0,00",0.0,0.0,0.0
354,23.5.2024,"46,00",0,0,"46,00","0,00",0.0,0.0,0.0
355,22.5.2024,"46,00",0,0,"46,00","0,00",0.0,0.0,0.0
356,21.5.2024,"46,00",0,0,"46,00","0,00",0.0,0.0,0.0
357,20.5.2024,"46,00",0,0,"46,00","0,00",0.0,0.0,0.0
358,17.5.2024,"46,00",0,0,"46,00","0,00",0.0,0.0,0.0
359,16.5.2024,"46,00",0,0,"46,00","0,00",0.0,0.0,0.0
360,15.5.2024,"46,00",0,0,"46,00","0,00",0.0,0.0,0.0
361,14.5.2024,"46,00",0,0,"46,00","0,00",0.0,0.0,0.0
362,13.5.2024,"46,00",0,0,"46,00","0,00",0.0,0.0,0.0
363,10.5.2024,"46,00",0,0,"46,00","0,00",0.0,0.0,0.0
364,09.5.2024,"46,00",0,0,"46,00","0,00",0.0,0.0,0.0
365,07.5.2024,"46,00",0,0,"46,00","0,00",0.0,0.0,0.0
366,02.5.2024,"46,00",0,0,"46,00","0,00",0.0,0.0,0.0
367,30.4.2024,"46,00",0,0,"46,00","0,00",0.0,0.0,0.0
368,29.4.2024,"46,00",0,0,"46,00","0,00",0.0,0.0,0.0
369,26.4.2024,"46,00",0,0,"46,00","0,00",0.0,0.0,0.0
370,25.4.2024,"46,00",0,0,"46,00","0,00",0.0,0.0,0.0
371,23.4.2024,"46,00",0,0,"46,00","0,00",0.0,0.0,0.0
372,22.4.2024,"46,00",0,0,"46,00","0,00",0.0,0.0,0.0
373,19.4.2024,"46,00",0,0,"46,00","0,00",0.0,0.0,0.0
374,18.4.2024,"46,00",0,0,"46,00","0,00",0.0,0.0,0.0
375,17.4.2024,"46,00",0,0,"46,00","0,00",0.0,0.0,0.0
376,16.4.2024,"46,00",0,0,"46,00","0,00",0.0,0.0,0.0
377,15.4.2024,"46,00",0,0,"46,00","0,00",0.0,0.0,0.0
378,12.4.2024,"46,00",0,0,"46,00","0,00",0.0,0.0,0.0
379,11.4.2024,"46,00",0,0,"46,00","0,00",0.0,0.0,0.0
380,09.4.2024,"46,00",0,0,"46,00","0,00",0.0,0.0,0.0
381,08.4.2024,"46,00",0,0,"46,00","0,00",0.0,0.0,0.0
382,05.4.2024,"46,00",0,0,"46,00","0,00",0.0,0.0,0.0
383,04.4.2024,"46,00",0,0,"46,00","0,00",0.0,0.0,0.0
384,03.4.2024,"46,00",0,0,"46,00","0,00",0.0,0.0,0.0
385,02.4.2024,"46,00",0,0,"46,00","0,00",0.0,0.0,0.0
386,01.4.2024,"46,00",0,0,"46,00","0,00",0.0,0.0,0.0
387,29.3.2024,"46,00",0,0,"46,00","0,00",0.0,0.0,0.0
388,28.3.2024,"46,00",0,0,"46,00","0,00",0.0,0.0,0.0
389,27.3.2024,"46,00",0,0,"46,00","0,00",0.0,0.0,0.0
390,26.3.2024,"46,00",0,0,"46,00","0,00",0.0,0.0,0.0
391,25.3.2024,"46,00",0,0,"46,00","0,00",0.0,0.0,0.0
392,22.3.2024,"46,00",0,0,"46,00","0,00",0.0,0.0,0.0
393,21.3.2024,"46,00",0,0,"46,00","0,00",0.0,0.0,0.0
394,20.3.2024,"46,00",0,0,"46,00","0,00",0.0,0.0,0.0
395,19.3.2024,"46,00",0,0,"46,00","0,00",0.0,0.0,0.0
396,18.3.2024,"46,00",0,0,"46,00","0,00",0.0,0.0,0.0
397,15.3.2024,"46,00",0,0,"46,00","0,00",0.0,0.0,0.0
398,14.3.2024,"46,00",0,0,"46,00","0,00",0.0,0.0,0.0
399,13.3.2024,"46,00",0,0,"46,00","0,00",0.0,0.0,0.0
400,12.3.2024,"46,00",0,0,"46,00","0,00",0.0,0.0,0.0
401,11.3.2024,"46,00",0,0,"46,00","0,00",0.0,0.0,0.0
402,08.3.2024,"46,00",0,0,"46,00","0,00",0.0,0.0,0.0
403,07.3.2024,"46,00",0,0,"46,00","0,00",0.0,0.0,0.0
404,06.3.2024,"46,00",0,0,"46,00","0,00",0.0,0.0,0.0
405,05.3.2024,"46,00",0,0,"46,00","0,00",0.0,0.0,0.0
406,04.3.2024,"46,00",0,0,"46,00","0,00",0.0,0.0,0.0
407,01.3.2024,"46,00",0,0,"46,00","0,00",0.0,0.0,0.0
408,29.2.2024,"46,00",0,0,"46,00","0,00",0.0,0.0,0.0
409,28.2.2024,"46,00",0,0,"46,00","0,00",0.0,0.0,0.0
410,27.2.2024,"46,00",0,0,"46,00","0,00",0.0,0.0,0.0
411,26.2.2024,"46,00",0,0,"46,00","0,00",0.0,0.0,0.0
412,23.2.2024,"46,00",0,0,"46,00","0,00",0.0,0.0,0.0
413,22.2.2024,"46,00",0,0,"46,00","0,00",0.0,0.0,0.0
414,21.2.2024,"46,00",0,0,"46,00","0,00",0.0,0.0,0.0
415,20.2.2024,"46,00",0,0,"46,00","0,00",0.0,0.0,0.0
416,19.2.2024,"46,00",0,0,"46,00","0,00",0.0,0.0,0.0
417,16.2.2024,"46,00",0,0,"46,00","0,00",0.0,0.0,0.0
418,15.2.2024,"46,00",0,0,"46,00","0,00",0.0,0.0,0.0
419,14.2.2024,"46,00",0,0,"46,00","0,00",0.0,0.0,0.0
420,13.2.2024,"46,00",0,0,"46,00","0,00",0.0,0.0,0.0
421,12.2.2024,"46,00",0,0,"46,00","0,00",0.0,0.0,0.0
422,09.2.2024,"46,00",0,0,"46,00","0,00",0.0,0.0,0.0
423,08.2.2024,"46,00",0,0,"46,00","0,00",0.0,0.0,0.0
424,07.2.2024,"46,00",0,0,"46,00","0,00",0.0,0.0,0.0
425,06.2.2024,"46,00",0,0,"46,00","0,00",0.0,0.0,0.0
426,05.2.2024,"46,00",0,0,"46,00","0,00",0.0,0.0,0.0
427,02.2.2024,"46,00",0,0,"46,00","0,00",0.0,0.0,0.0
428,01.2.2024,"46,00",0,0,"46,00","0,00",0.0,0.0,0.0
429,31.1.2024,"46,00",0,0,"46,00","0,00",0.0,0.0,0.0
430,30.1.2024,"46,00",0,0,"46,00","0,00",0.0,0.0,0.0
431,29.1.2024,"46,00",0,0,"46,00","0,00",0.0,0.0,0.0
432,26.1.2024,"46,00",0,0,"46,00","0,00",0.0,0.0,0.0
433,25.1.2024,"46,00",0,0,"46,00","0,00",0.0,0.0,0.0
434,24.1.2024,"46,00",0,0,"46,00","0,00",0.0,0.0,0.0
435,23.1.2024,"46,00",0,0,"46,00","0,00",0.0,0.0,0.0
436,22.1.2024,"46,00",0,0,"46,00","0,00",0.0,0.0,0.0
437,18.1.2024,"46,00",0,0,"46,00","0,00",0.0,0.0,0.0
438,17.1.2024,"46,00",0,0,"46,00","0,00",0.0,0.0,0.0
439,16.1.2024,"46,00",0,0,"46,00","0,00",0.0,0.0,0.0
440,15.1.2024,"46,00",0,0,"46,00","0,00",0.0,0.0,0.0
441,12.1.2024,"46,00",0,0,"46,00","0,00",0.0,0.0,0.0
442,11.1.2024,"46,00",0,0,"46,00","0,00",0.0,0.0,0.0
443,10.1.2024,"46,00",0,0,"46,00","0,00",0.0,0.0,0.0
444,09.1.2024,"46,00",0,0,"46,00","0,00",0.0,0.0,0.0
445,05.1.2024,"46,00",0,0,"46,00","0,00",0.0,0.0,0.0
446,04.1.2024,"46,00",0,0,"46,00","0,00",0.0,0.0,0.0
447,03.1.2024,"46,00",0,0,"46,00","0,00",0.0,0.0,0.0
448,02.1.2024,"46,00",0,0,"46,00","0,00",0.0,0.0,0.0
449,28.12.2023,"46,00",0,0,"46,00","0,00",0.0,0.0,0.0
450,27.12.2023,"46,00",0,0,"46,00","0,00",0.0,0.0,0.0
451,26.12.2023,"46,00",0,0,"46,00","0,00",0.0,0.0,0.0
452,25.12.2023,"46,00",0,0,"46,00","0,00",0.0,0.0,0.0
453,22.12.2023,"46,00",0,0,"46,00","0,00",0.0,0.0,0.0
454,21.12.2023,"46,00",0,0,"46,00","0,00",0.0,0.0,0.0
455,20.12.2023,"46,00",0,0,"46,00","0,00",0.0,0.0,0.0
456,19.12.2023,"46,00",0,0,"46,00","0,00",0.0,0.0,0.0
457,18.12.2023,"46,00",0,0,"46,00","0,00",0.0,0.0,0.0
458,15.12.2023,"46,00",0,0,"46,00","0,00",0.0,0.0,0.0
459,14.12.2023,"46,00",0,0,"46,00","0,00",0.0,0.0,0.0
460,13.12.2023,"46,00",0,0,"46,00","0,00",0.0,0.0,0.0
461,12.12.2023,"46,00",0,0,"46,00","0,00",0.0,0.0,0.0
462,11.12.2023,"46,00",0,0,"46,00","0,00",0.0,0.0,0.0
463,07.12.2023,"46,00",0,0,"46,00","0,00",0.0,0.0,0.0
464,06.12.2023,"46,00",0,0,"46,00","0,00",0.0,0.0,0.0
465,05.12.2023,"46,00",0,0,"46,00","0,00",0.0,0.0,0.0
466,04.12.2023,"46,00",0,0,"46,00","0,00",0.0,0.0,0.0
467,01.12.2023,"46,00",0,0,"46,00","0,00",0.0,0.0,0.0
468,30.11.2023,"46,00",0,0,"46,00","0,00",0.0,0.0,0.0
469,29.11.2023,"46,00",0,0,"46,00","0,00",0.0,0.0,0.0
470,28.11.2023,"46,00",0,0,"46,00","0,00",0.0,0.0,0.0
471,27.11.2023,"46,00",0,0,"46,00","0,00",0.0,0.0,0.0
472,24.11.2023,"46,00",0,0,"46,00","0,00",0.0,0.0,0.0
473,23.11.2023,"46,00",0,0,"46,00","0,00",0.0,0.0,0.0
474,22.11.2023,"46,00",0,0,"46,00","0,00",0.0,0.0,0.0
475,21.11.2023,"46,00",0,0,"46,00","0,00",0.0,0.0,0.0
476,20.11.2023,"46,00",0,0,"46,00","0,00",0.0,0.0,0.0
477,17.11.2023,"46,00",0,0,"46,00","0,00",0.0,0.0,0.0
478,16.11.2023,"46,00",0,0,"46,00","0,00",0.0,0.0,0.0
479,15.11.2023,"46,00",0,0,"46,00","0,00",0.0,0.0,0.0
480,14.11.2023,"46,00",0,0,"46,00","0,00",0.0,0.0,0.0
481,13.11.2023,"46,00",0,0,"46,00","0,00",0.0,0.0,0.0
482,07.11.2024,"16,00",0,0,"16,00","0,00",0.0,0.0,0.0
483,06.11.2024,"16,00",0,0,"16,00","0,00",0.0,0.0,0.0
484,05.11.2024,"16,00",0,0,"16,00","0,00",0.0,0.0,0.0
485,04.11.2024,"16,00",0,0,"16,00","0,00",0.0,0.0,0.0
486,01.11.2024,"16,00",0,0,"16,00","0,00",0.0,0.0,0.0
487,31.10.2024,"16,00",0,0,"16,00","0,00",0.0,0.0,0.0
488,30.10.2024,"16,00",0,0,"16,00","0,00",0.0,0.0,0.0
489,29.10.2024,"16,00",0,0,"16,00","0,00",0.0,0.0,0.0
490,28.10.2024,"16,00",0,0,"16,00","0,00",0.0,0.0,0.0
491,25.10.2024,"16,00",0,0,"16,00","0,00",0.0,0.0,0.0
492,24.10.2024,"16,00",0,0,"16,00","0,00",0.0,0.0,0.0
493,22.10.2024,"16,00",0,0,"16,00","0,00",0.0,0.0,0.0
494,21.10.2024,"16,00",0,0,"16,00","0,00",0.0,0.0,0.0
495,18.10.2024,"16,00",0,0,"16,00","0,00",0.0,0.0,0.0
496,17.10.2024,"16,00",0,0,"16,00","0,00",0.0,0.0,0.0
497,16.10.2024,"16,00",0,0,"16,00","0,00",0.0,0.0,0.0
498,15.10.2024,"16,00",0,0,"16,00","0,00",0.0,0.0,0.0
499,14.10.2024,"16,00","16,00","16,00","16,00","0,00",2.7,43.2,43.2
500,10.10.2024,"16,00",0,0,"16,00","0,00",0.0,0.0,0.0
501,09.10.2024,"16,00",0,0,"16,00","0,00",0.0,0.0,0.0
502,08.10.2024,"16,00",0,0,"16,00","0,00",0.0,0.0,0.0
503,07.10.2024,"16,00",0,0,"16,00","0,00",0.0,0.0,0.0
504,04.10.2024,"16,00",0,0,"16,00","0,00",0.0,0.0,0.0
505,03.10.2024,"16,00",0,0,"16,00","0,00",0.0,0.0,0.0
506,02.10.2024,"16,00","16,00","16,00","16,00","0,00",449.0,7.184,7.184
507,01.10.2024,"16,00",0,0,"16,00","0,00",0.0,0.0,0.0
508,30.9.2024,"16,00",0,0,"16,00","0,00",0.0,0.0,0.0
509,27.9.2024,"16,00",0,0,"16,00","0,00",0.0,0.0,0.0
510,26.9.2024,"16,00",0,0,"16,00","0,00",0.0,0.0,0.0
511,25.9.2024,"16,00",0,0,"16,00","0,00",0.0,0.0,0.0
512,24.9.2024,"16,00","16,00","16,00","16,00","-15,79",349.0,5.584,5.584
513,23.9.2024,"19,00",0,0,"19,00","0,00",0.0,0.0,0.0
514,20.9.2024,"19,00",0,0,"19,00","0,00",0.0,0.0,0.0
515,19.9.2024,"19,00",0,0,"19,00","0,00",0.0,0.0,0.0
516,18.9.2024,"19,00",0,0,"19,00","0,00",0.0,0.0,0.0
517,17.9.2024,"19,00",0,0,"19,00","0,00",0.0,0.0,0.0
518,16.9.2024,"19,00",0,0,"19,00","0,00",0.0,0.0,0.0
519,13.9.2024,"19,00",0,0,"19,00","0,00",0.0,0.0,0.0
520,12.9.2024,"19,00",0,0,"19,00","0,00",0.0,0.0,0.0
521,11.9.2024,"19,00",0,0,"19,00","0,00",0.0,0.0,0.0
522,10.9.2024,"19,00",0,0,"19,00","0,00",0.0,0.0,0.0
523,06.9.2024,"19,00",0,0,"19,00","0,00",0.0,0.0,0.0
524,05.9.2024,"19,00",0,0,"19,00","0,00",0.0,0.0,0.0
525,04.9.2024,"19,00",0,0,"19,00","0,00",0.0,0.0,0.0
526,03.9.2024,"19,00",0,0,"19,00","0,00",0.0,0.0,0.0
527,02.9.2024,"19,00",0,0,"19,00","0,00",0.0,0.0,0.0
528,30.8.2024,"19,00",0,0,"19,00","0,00",0.0,0.0,0.0
529,29.8.2024,"19,00",0,0,"19,00","0,00",0.0,0.0,0.0
530,27.8.2024,"19,00",0,0,"19,00","0,00",0.0,0.0,0.0
531,26.8.2024,"19,00",0,0,"19,00","0,00",0.0,0.0,0.0
532,23.8.2024,"19,00",0,0,"19,00","0,00",0.0,0.0,0.0
533,22.8.2024,"19,00",0,0,"19,00","0,00",0.0,0.0,0.0
534,21.8.2024,"19,00",0,0,"19,00","0,00",0.0,0.0,0.0
535,20.8.2024,"19,00",0,0,"19,00","0,00",0.0,0.0,0.0
536,19.8.2024,"19,00",0,0,"19,00","0,00",0.0,0.0,0.0
537,16.8.2024,"19,00",0,0,"19,00","0,00",0.0,0.0,0.0
538,15.8.2024,"19,00",0,0,"19,00","0,00",0.0,0.0,0.0
539,14.8.2024,"19,00",0,0,"19,00","0,00",0.0,0.0,0.0
540,13.8.2024,"19,00",0,0,"19,00","0,00",0.0,0.0,0.0
541,12.8.2024,"19,00",0,0,"19,00","0,00",0.0,0.0,0.0
542,09.8.2024,"19,00",0,0,"19,00","0,00",0.0,0.0,0.0
543,08.8.2024,"19,00",0,0,"19,00","0,00",0.0,0.0,0.0
544,07.8.2024,"19,00",0,0,"19,00","0,00",0.0,0.0,0.0
545,06.8.2024,"19,00",0,0,"19,00","0,00",0.0,0.0,0.0
546,05.8.2024,"19,00",0,0,"19,00","0,00",0.0,0.0,0.0
547,01.8.2024,"19,00","19,00","19,00","19,00","-5,00",120.0,2.28,2.28
548,31.7.2024,"20,00",0,0,"20,00","0,00",0.0,0.0,0.0
549,30.7.2024,"20,00",0,0,"20,00","0,00",0.0,0.0,0.0
550,29.7.2024,"20,00",0,0,"20,00","0,00",0.0,0.0,0.0
551,26.7.2024,"20,00",0,0,"20,00","0,00",0.0,0.0,0.0
552,25.7.2024,"20,00",0,0,"20,00","0,00",0.0,0.0,0.0
553,24.7.2024,"20,00",0,0,"20,00","0,00",0.0,0.0,0.0
554,23.7.2024,"20,00",0,0,"20,00","0,00",0.0,0.0,0.0
555,22.7.2024,"20,00",0,0,"20,00","0,00",0.0,0.0,0.0
556,19.7.2024,"20,00",0,0,"20,00","0,00",0.0,0.0,0.0
557,18.7.2024,"20,00",0,0,"20,00","0,00",0.0,0.0,0.0
558,17.7.2024,"20,00",0,0,"20,00","0,00",0.0,0.0,0.0
559,16.7.2024,"20,00",0,0,"20,00","0,00",0.0,0.0,0.0
560,15.7.2024,"20,00",0,0,"20,00","0,00",0.0,0.0,0.0
561,12.7.2024,"20,00",0,0,"20,00","0,00",0.0,0.0,0.0
562,11.7.2024,"20,00",0,0,"20,00","0,00",0.0,0.0,0.0
563,10.7.2024,"20,00",0,0,"20,00","0,00",0.0,0.0,0.0
564,09.7.2024,"20,00",0,0,"20,00","0,00",0.0,0.0,0.0
565,08.7.2024,"20,00",0,0,"20,00","0,00",0.0,0.0,0.0
566,05.7.2024,"20,00",0,0,"20,00","0,00",0.0,0.0,0.0
567,04.7.2024,"20,00",0,0,"20,00","0,00",0.0,0.0,0.0
568,03.7.2024,"20,00",0,0,"20,00","0,00",0.0,0.0,0.0
569,02.7.2024,"20,00",0,0,"20,00","0,00",0.0,0.0,0.0
570,01.7.2024,"20,00",0,0,"20,00","0,00",0.0,0.0,0.0
571,28.6.2024,"20,00",0,0,"20,00","0,00",0.0,0.0,0.0
572,27.6.2024,"20,00",0,0,"20,00","0,00",0.0,0.0,0.0
573,26.6.2024,"20,00",0,0,"20,00","0,00",0.0,0.0,0.0
574,25.6.2024,"20,00",0,0,"20,00","0,00",0.0,0.0,0.0
575,24.6.2024,"20,00",0,0,"20,00","0,00",0.0,0.0,0.0
576,20.6.2024,"20,00",0,0,"20,00","0,00",0.0,0.0,0.0
577,19.6.2024,"20,00",0,0,"20,00","0,00",0.0,0.0,0.0
578,18.6.2024,"20,00",0,0,"20,00","0,00",0.0,0.0,0.0
579,17.6.2024,"20,00",0,0,"20,00","0,00",0.0,0.0,0.0
580,14.6.2024,"20,00",0,0,"20,00","0,00",0.0,0.0,0.0
581,13.6.2024,"20,00",0,0,"20,00","0,00",0.0,0.0,0.0
582,12.6.2024,"20,00",0,0,"20,00","0,00",0.0,0.0,0.0
583,11.6.2024,"20,00","20,00","20,00","20,00","-56,52",300.0,6.0,6.0
584,10.6.2024,"46,00",0,0,"46,00","0,00",0.0,0.0,0.0
585,07.6.2024,"46,00",0,0,"46,00","0,00",0.0,0.0,0.0
586,06.6.2024,"46,00",0,0,"46,00","0,00",0.0,0.0,0.0
587,05.6.2024,"46,00",0,0,"46,00","0,00",0.0,0.0,0.0
588,04.6.2024,"46,00",0,0,"46,00","0,00",0.0,0.0,0.0
589,03.6.2024,"46,00",0,0,"46,00","0,00",0.0,0.0,0.0
590,31.5.2024,"46,00",0,0,"46,00","0,00",0.0,0.0,0.0
591,30.5.2024,"46,00",0,0,"46,00","0,00",0.0,0.0,0.0
592,29.5.2024,"46,00",0,0,"46,00","0,00",0.0,0.0,0.0
593,28.5.2024,"46,00",0,0,"46,00","0,00",0.0,0.0,0.0
594,27.5.2024,"46,00",0,0,"46,00","0,00",0.0,0.0,0.0
595,23.5.2024,"46,00",0,0,"46,00","0,00",0.0,0.0,0.0
596,22.5.2024,"46,00",0,0,"46,00","0,00",0.0,0.0,0.0
597,21.5.2024,"46,00",0,0,"46,00","0,00",0.0,0.0,0.0
598,20.5.2024,"46,00",0,0,"46,00","0,00",0.0,0.0,0.0
599,17.5.2024,"46,00",0,0,"46,00","0,00",0.0,0.0,0.0
600,16.5.2024,"46,00",0,0,"46,00","0,00",0.0,0.0,0.0
601,15.5.2024,"46,00",0,0,"46,00","0,00",0.0,0.0,0.0
602,14.5.2024,"46,00",0,0,"46,00","0,00",0.0,0.0,0.0
603,13.5.2024,"46,00",0,0,"46,00","0,00",0.0,0.0,0.0
604,10.5.2024,"46,00",0,0,"46,00","0,00",0.0,0.0,0.0
605,09.5.2024,"46,00",0,0,"46,00","0,00",0.0,0.0,0.0
606,07.5.2024,"46,00",0,0,"46,00","0,00",0.0,0.0,0.0
607,02.5.2024,"46,00",0,0,"46,00","0,00",0.0,0.0,0.0
608,30.4.2024,"46,00",0,0,"46,00","0,00",0.0,0.0,0.0
609,29.4.2024,"46,00",0,0,"46,00","0,00",0.0,0.0,0.0
610,26.4.2024,"46,00",0,0,"46,00","0,00",0.0,0.0,0.0
611,25.4.2024,"46,00",0,0,"46,00","0,00",0.0,0.0,0.0
612,23.4.2024,"46,00",0,0,"46,00","0,00",0.0,0.0,0.0
613,22.4.2024,"46,00",0,0,"46,00","0,00",0.0,0.0,0.0
614,19.4.2024,"46,00",0,0,"46,00","0,00",0.0,0.0,0.0
615,18.4.2024,"46,00",0,0,"46,00","0,00",0.0,0.0,0.0
616,17.4.2024,"46,00",0,0,"46,00","0,00",0.0,0.0,0.0
617,16.4.2024,"46,00",0,0,"46,00","0,00",0.0,0.0,0.0
618,15.4.2024,"46,00",0,0,"46,00","0,00",0.0,0.0,0.0
619,12.4.2024,"46,00",0,0,"46,00","0,00",0.0,0.0,0.0
620,11.4.2024,"46,00",0,0,"46,00","0,00",0.0,0.0,0.0
621,09.4.2024,"46,00",0,0,"46,00","0,00",0.0,0.0,0.0
622,08.4.2024,"46,00",0,0,"46,00","0,00",0.0,0.0,0.0
623,05.4.2024,"46,00",0,0,"46,00","0,00",0.0,0.0,0.0
624,04.4.2024,"46,00",0,0,"46,00","0,00",0.0,0.0,0.0
625,03.4.2024,"46,00",0,0,"46,00","0,00",0.0,0.0,0.0
626,02.4.2024,"46,00",0,0,"46,00","0,00",0.0,0.0,0.0
627,01.4.2024,"46,00",0,0,"46,00","0,00",0.0,0.0,0.0
628,29.3.2024,"46,00",0,0,"46,00","0,00",0.0,0.0,0.0
629,28.3.2024,"46,00",0,0,"46,00","0,00",0.0,0.0,0.0
630,27.3.2024,"46,00",0,0,"46,00","0,00",0.0,0.0,0.0
631,26.3.2024,"46,00",0,0,"46,00","0,00",0.0,0.0,0.0
632,25.3.2024,"46,00",0,0,"46,00","0,00",0.0,0.0,0.0
633,22.3.2024,"46,00",0,0,"46,00","0,00",0.0,0.0,0.0
634,21.3.2024,"46,00",0,0,"46,00","0,00",0.0,0.0,0.0
635,20.3.2024,"46,00",0,0,"46,00","0,00",0.0,0.0,0.0
636,19.3.2024,"46,00",0,0,"46,00","0,00",0.0,0.0,0.0
637,18.3.2024,"46,00",0,0,"46,00","0,00",0.0,0.0,0.0
638,15.3.2024,"46,00",0,0,"46,00","0,00",0.0,0.0,0.0
639,14.3.2024,"46,00",0,0,"46,00","0,00",0.0,0.0,0.0
640,13.3.2024,"46,00",0,0,"46,00","0,00",0.0,0.0,0.0
641,12.3.2024,"46,00",0,0,"46,00","0,00",0.0,0.0,0.0
642,11.3.2024,"46,00",0,0,"46,00","0,00",0.0,0.0,0.0
643,08.3.2024,"46,00",0,0,"46,00","0,00",0.0,0.0,0.0
644,07.3.2024,"46,00",0,0,"46,00","0,00",0.0,0.0,0.0
645,06.3.2024,"46,00",0,0,"46,00","0,00",0.0,0.0,0.0
646,05.3.2024,"46,00",0,0,"46,00","0,00",0.0,0.0,0.0
647,04.3.2024,"46,00",0,0,"46,00","0,00",0.0,0.0,0.0
648,01.3.2024,"46,00",0,0,"46,00","0,00",0.0,0.0,0.0
649,29.2.2024,"46,00",0,0,"46,00","0,00",0.0,0.0,0.0
650,28.2.2024,"46,00",0,0,"46,00","0,00",0.0,0.0,0.0
651,27.2.2024,"46,00",0,0,"46,00","0,00",0.0,0.0,0.0
652,26.2.2024,"46,00",0,0,"46,00","0,00",0.0,0.0,0.0
653,23.2.2024,"46,00",0,0,"46,00","0,00",0.0,0.0,0.0
654,22.2.2024,"46,00",0,0,"46,00","0,00",0.0,0.0,0.0
655,21.2.2024,"46,00",0,0,"46,00","0,00",0.0,0.0,0.0
656,20.2.2024,"46,00",0,0,"46,00","0,00",0.0,0.0,0.0
657,19.2.2024,"46,00",0,0,"46,00","0,00",0.0,0.0,0.0
658,16.2.2024,"46,00",0,0,"46,00","0,00",0.0,0.0,0.0
659,15.2.2024,"46,00",0,0,"46,00","0,00",0.0,0.0,0.0
660,14.2.2024,"46,00",0,0,"46,00","0,00",0.0,0.0,0.0
661,13.2.2024,"46,00",0,0,"46,00","0,00",0.0,0.0,0.0
662,12.2.2024,"46,00",0,0,"46,00","0,00",0.0,0.0,0.0
663,09.2.2024,"46,00",0,0,"46,00","0,00",0.0,0.0,0.0
664,08.2.2024,"46,00",0,0,"46,00","0,00",0.0,0.0,0.0
665,07.2.2024,"46,00",0,0,"46,00","0,00",0.0,0.0,0.0
666,06.2.2024,"46,00",0,0,"46,00","0,00",0.0,0.0,0.0
667,05.2.2024,"46,00",0,0,"46,00","0,00",0.0,0.0,0.0
668,02.2.2024,"46,00",0,0,"46,00","0,00",0.0,0.0,0.0
669,01.2.2024,"46,00",0,0,"46,00","0,00",0.0,0.0,0.0
670,31.1.2024,"46,00",0,0,"46,00","0,00",0.0,0.0,0.0
671,30.1.2024,"46,00",0,0,"46,00","0,00",0.0,0.0,0.0
672,29.1.2024,"46,00",0,0,"46,00","0,00",0.0,0.0,0.0
673,26.1.2024,"46,00",0,0,"46,00","0,00",0.0,0.0,0.0
674,25.1.2024,"46,00",0,0,"46,00","0,00",0.0,0.0,0.0
675,24.1.2024,"46,00",0,0,"46,00","0,00",0.0,0.0,0.0
676,23.1.2024,"46,00",0,0,"46,00","0,00",0.0,0.0,0.0
677,22.1.2024,"46,00",0,0,"46,00","0,00",0.0,0.0,0.0
678,18.1.2024,"46,00",0,0,"46,00","0,00",0.0,0.0,0.0
679,17.1.2024,"46,00",0,0,"46,00","0,00",0.0,0.0,0.0
680,16.1.2024,"46,00",0,0,"46,00","0,00",0.0,0.0,0.0
681,15.1.2024,"46,00",0,0,"46,00","0,00",0.0,0.0,0.0
682,12.1.2024,"46,00",0,0,"46,00","0,00",0.0,0.0,0.0
683,11.1.2024,"46,00",0,0,"46,00","0,00",0.0,0.0,0.0
684,10.1.2024,"46,00",0,0,"46,00","0,00",0.0,0.0,0.0
685,09.1.2024,"46,00",0,0,"46,00","0,00",0.0,0.0,0.0
686,05.1.2024,"46,00",0,0,"46,00","0,00",0.0,0.0,0.0
687,04.1.2024,"46,00",0,0,"46,00","0,00",0.0,0.0,0.0
688,03.1.2024,"46,00",0,0,"46,00","0,00",0.0,0.0,0.0
689,02.1.2024,"46,00",0,0,"46,00","0,00",0.0,0.0,0.0
690,28.12.2023,"46,00",0,0,"46,00","0,00",0.0,0.0,0.0
691,27.12.2023,"46,00",0,0,"46,00","0,00",0.0,0.0,0.0
692,26.12.2023,"46,00",0,0,"46,00","0,00",0.0,0.0,0.0
693,25.12.2023,"46,00",0,0,"46,00","0,00",0.0,0.0,0.0
694,22.12.2023,"46,00",0,0,"46,00","0,00",0.0,0.0,0.0
695,21.12.2023,"46,00",0,0,"46,00","0,00",0.0,0.0,0.0
696,20.12.2023,"46,00",0,0,"46,00","0,00",0.0,0.0,0.0
697,19.12.2023,"46,00",0,0,"46,00","0,00",0.0,0.0,0.0
698,18.12.2023,"46,00",0,0,"46,00","0,00",0.0,0.0,0.0
699,15.12.2023,"46,00",0,0,"46,00","0,00",0.0,0.0,0.0
700,14.12.2023,"46,00",0,0,"46,00","0,00",0.0,0.0,0.0
701,13.12.2023,"46,00",0,0,"46,00","0,00",0.0,0.0,0.0
702,12.12.2023,"46,00",0,0,"46,00","0,00",0.0,0.0,0.0
703,11.12.2023,"46,00",0,0,"46,00","0,00",0.0,0.0,0.0
704,07.12.2023,"46,00",0,0,"46,00","0,00",0.0,0.0,0.0
705,06.12.2023,"46,00",0,0,"46,00","0,00",0.0,0.0,0.0
706,05.12.2023,"46,00",0,0,"46,00","0,00",0.0,0.0,0.0
707,04.12.2023,"46,00",0,0,"46,00","0,00",0.0,0.0,0.0
708,01.12.2023,"46,00",0,0,"46,00","0,00",0.0,0.0,0.0
709,30.11.2023,"46,00",0,0,"46,00","0,00",0.0,0.0,0.0
710,29.11.2023,"46,00",0,0,"46,00","0,00",0.0,0.0,0.0
711,28.11.2023,"46,00",0,0,"46,00","0,00",0.0,0.0,0.0
712,27.11.2023,"46,00",0,0,"46,00","0,00",0.0,0.0,0.0
713,24.11.2023,"46,00",0,0,"46,00","0,00",0.0,0.0,0.0
714,23.11.2023,"46,00",0,0,"46,00","0,00",0.0,0.0,0.0
715,22.11.2023,"46,00",0,0,"46,00","0,00",0.0,0.0,0.0
716,21.11.2023,"46,00",0,0,"46,00","0,00",0.0,0.0,0.0
717,20.11.2023,"46,00",0,0,"46,00","0,00",0.0,0.0,0.0
718,17.11.2023,"46,00",0,0,"46,00","0,00",0.0,0.0,0.0
719,16.11.2023,"46,00",0,0,"46,00","0,00",0.0,0.0,0.0
720,15.11.2023,"46,00",0,0,"46,00","0,00",0.0,0.0,0.0
721,14.11.2023,"46,00",0,0,"46,00","0,00",0.0,0.0,0.0
722,13.11.2023,"46,00",0,0,"46,00","0,00",0.0,0.0,0.0
723,07.11.2024,"16,00",0,0,"16,00","0,00",0.0,0.0,0.0
724,06.11.2024,"16,00",0,0,"16,00","0,00",0.0,0.0,0.0
725,05.11.2024,"16,00",0,0,"16,00","0,00",0.0,0.0,0.0
726,04.11.2024,"16,00",0,0,"16,00","0,00",0.0,0.0,0.0
727,01.11.2024,"16,00",0,0,"16,00","0,00",0.0,0.0,0.0
728,31.10.2024,"16,00",0,0,"16,00","0,00",0.0,0.0,0.0
729,30.10.2024,"16,00",0,0,"16,00","0,00",0.0,0.0,0.0
730,29.10.2024,"16,00",0,0,"16,00","0,00",0.0,0.0,0.0
731,28.10.2024,"16,00",0,0,"16,00","0,00",0.0,0.0,0.0
732,25.10.2024,"16,00",0,0,"16,00","0,00",0.0,0.0,0.0
733,24.10.2024,"16,00",0,0,"16,00","0,00",0.0,0.0,0.0
734,22.10.2024,"16,00",0,0,"16,00","0,00",0.0,0.0,0.0
735,21.10.2024,"16,00",0,0,"16,00","0,00",0.0,0.0,0.0
736,18.10.2024,"16,00",0,0,"16,00","0,00",0.0,0.0,0.0
737,17.10.2024,"16,00",0,0,"16,00","0,00",0.0,0.0,0.0
738,16.10.2024,"16,00",0,0,"16,00","0,00",0.0,0.0,0.0
739,15.10.2024,"16,00",0,0,"16,00","0,00",0.0,0.0,0.0
740,14.10.2024,"16,00","16,00","16,00","16,00","0,00",2.7,43.2,43.2
741,10.10.2024,"16,00",0,0,"16,00","0,00",0.0,0.0,0.0
742,09.10.2024,"16,00",0,0,"16,00","0,00",0.0,0.0,0.0
743,08.10.2024,"16,00",0,0,"16,00","0,00",0.0,0.0,0.0
744,07.10.2024,"16,00",0,0,"16,00","0,00",0.0,0.0,0.0
745,04.10.2024,"16,00",0,0,"16,00","0,00",0.0,0.0,0.0
746,03.10.2024,"16,00",0,0,"16,00","0,00",0.0,0.0,0.0
747,02.10.2024,"16,00","16,00","16,00","16,00","0,00",449.0,7.184,7.184
748,01.10.2024,"16,00",0,0,"16,00","0,00",0.0,0.0,0.0
749,30.9.2024,"16,00",0,0,"16,00","0,00",0.0,0.0,0.0
750,27.9.2024,"16,00",0,0,"16,00","0,00",0.0,0.0,0.0
751,26.9.2024,"16,00",0,0,"16,00","0,00",0.0,0.0,0.0
752,25.9.2024,"16,00",0,0,"16,00","0,00",0.0,0.0,0.0
753,24.9.2024,"16,00","16,00","16,00","16,00","-15,79",349.0,5.584,5.584
754,23.9.2024,"19,00",0,0,"19,00","0,00",0.0,0.0,0.0
755,20.9.2024,"19,00",0,0,"19,00","0,00",0.0,0.0,0.0
756,19.9.2024,"19,00",0,0,"19,00","0,00",0.0,0.0,0.0
757,18.9.2024,"19,00",0,0,"19,00","0,00",0.0,0.0,0.0
758,17.9.2024,"19,00",0,0,"19,00","0,00",0.0,0.0,0.0
759,16.9.2024,"19,00",0,0,"19,00","0,00",0.0,0.0,0.0
760,13.9.2024,"19,00",0,0,"19,00","0,00",0.0,0.0,0.0
761,12.9.2024,"19,00",0,0,"19,00","0,00",0.0,0.0,0.0
762,11.9.2024,"19,00",0,0,"19,00","0,00",0.0,0.0,0.0
763,10.9.2024,"19,00",0,0,"19,00","0,00",0.0,0.0,0.0
764,06.9.2024,"19,00",0,0,"19,00","0,00",0.0,0.0,0.0
765,05.9.2024,"19,00",0,0,"19,00","0,00",0.0,0.0,0.0
766,04.9.2024,"19,00",0,0,"19,00","0,00",0.0,0.0,0.0
767,03.9.2024,"19,00",0,0,"19,00","0,00",0.0,0.0,0.0
768,02.9.2024,"19,00",0,0,"19,00","0,00",0.0,0.0,0.0
769,30.8.2024,"19,00",0,0,"19,00","0,00",0.0,0.0,0.0
770,29.8.2024,"19,00",0,0,"19,00","0,00",0.0,0.0,0.0
771,27.8.2024,"19,00",0,0,"19,00","0,00",0.0,0.0,0.0
772,26.8.2024,"19,00",0,0,"19,00","0,00",0.0,0.0,0.0
773,23.8.2024,"19,00",0,0,"19,00","0,00",0.0,0.0,0.0
774,22.8.2024,"19,00",0,0,"19,00","0,00",0.0,0.0,0.0
775,21.8.2024,"19,00",0,0,"19,00","0,00",0.0,0.0,0.0
776,20.8.2024,"19,00",0,0,"19,00","0,00",0.0,0.0,0.0
777,19.8.2024,"19,00",0,0,"19,00","0,00",0.0,0.0,0.0
778,16.8.2024,"19,00",0,0,"19,00","0,00",0.0,0.0,0.0
779,15.8.2024,"19,00",0,0,"19,00","0,00",0.0,0.0,0.0
780,14.8.2024,"19,00",0,0,"19,00","0,00",0.0,0.0,0.0
781,13.8.2024,"19,00",0,0,"19,00","0,00",0.0,0.0,0.0
782,12.8.2024,"19,00",0,0,"19,00","0,00",0.0,0.0,0.0
783,09.8.2024,"19,00",0,0,"19,00","0,00",0.0,0.0,0.0
784,08.8.2024,"19,00",0,0,"19,00","0,00",0.0,0.0,0.0
785,07.8.2024,"19,00",0,0,"19,00","0,00",0.0,0.0,0.0
786,06.8.2024,"19,00",0,0,"19,00","0,00",0.0,0.0,0.0
787,05.8.2024,"19,00",0,0,"19,00","0,00",0.0,0.0,0.0
788,01.8.2024,"19,00","19,00","19,00","19,00","-5,00",120.0,2.28,2.28
789,31.7.2024,"20,00",0,0,"20,00","0,00",0.0,0.0,0.0
790,30.7.2024,"20,00",0,0,"20,00","0,00",0.0,0.0,0.0
791,29.7.2024,"20,00",0,0,"20,00","0,00",0.0,0.0,0.0
792,26.7.2024,"20,00",0,0,"20,00","0,00",0.0,0.0,0.0
793,25.7.2024,"20,00",0,0,"20,00","0,00",0.0,0.0,0.0
794,24.7.2024,"20,00",0,0,"20,00","0,00",0.0,0.0,0.0
795,23.7.2024,"20,00",0,0,"20,00","0,00",0.0,0.0,0.0
796,22.7.2024,"20,00",0,0,"20,00","0,00",0.0,0.0,0.0
797,19.7.2024,"20,00",0,0,"20,00","0,00",0.0,0.0,0.0
798,18.7.2024,"20,00",0,0,"20,00","0,00",0.0,0.0,0.0
799,17.7.2024,"20,00",0,0,"20,00","0,00",0.0,0.0,0.0
800,16.7.2024,"20,00",0,0,"20,00","0,00",0.0,0.0,0.0
801,15.7.2024,"20,00",0,0,"20,00","0,00",0.0,0.0,0.0
802,12.7.2024,"20,00",0,0,"20,00","0,00",0.0,0.0,0.0
803,11.7.2024,"20,00",0,0,"20,00","0,00",0.0,0.0,0.0
804,10.7.2024,"20,00",0,0,"20,00","0,00",0.0,0.0,0.0
805,09.7.2024,"20,00",0,0,"20,00","0,00",0.0,0.0,0.0
806,08.7.2024,"20,00",0,0,"20,00","0,00",0.0,0.0,0.0
807,05.7.2024,"20,00",0,0,"20,00","0,00",0.0,0.0,0.0
808,04.7.2024,"20,00",0,0,"20,00","0,00",0.0,0.0,0.0
809,03.7.2024,"20,00",0,0,"20,00","0,00",0.0,0.0,0.0
810,02.7.2024,"20,00",0,0,"20,00","0,00",0.0,0.0,0.0
811,01.7.2024,"20,00",0,0,"20,00","0,00",0.0,0.0,0.0
812,28.6.2024,"20,00",0,0,"20,00","0,00",0.0,0.0,0.0
813,27.6.2024,"20,00",0,0,"20,00","0,00",0.0,0.0,0.0
814,26.6.2024,"20,00",0,0,"20,00","0,00",0.0,0.0,0.0
815,25.6.2024,"20,00",0,0,"20,00","0,00",0.0,0.0,0.0
816,24.6.2024,"20,00",0,0,"20,00","0,00",0.0,0.0,0.0
817,20.6.2024,"20,00",0,0,"20,00","0,00",0.0,0.0,0.0
818,19.6.2024,"20,00",0,0,"20,00","0,00",0.0,0.0,0.0
819,18.6.2024,"20,00",0,0,"20,00","0,00",0.0,0.0,0.0
820,17.6.2024,"20,00",0,0,"20,00","0,00",0.0,0.0,0.0
821,14.6.2024,"20,00",0,0,"20,00","0,00",0.0,0.0,0.0
822,13.6.2024,"20,00",0,0,"20,00","0,00",0.0,0.0,0.0
823,12.6.2024,"20,00",0,0,"20,00","0,00",0.0,0.0,0.0
824,11.6.2024,"20,00","20,00","20,00","20,00","-56,52",300.0,6.0,6.0
825,10.6.2024,"46,00",0,0,"46,00","0,00",0.0,0.0,0.0
826,07.6.2024,"46,00",0,0,"46,00","0,00",0.0,0.0,0.0
827,06.6.2024,"46,00",0,0,"46,00","0,00",0.0,0.0,0.0
828,05.6.2024,"46,00",0,0,"46,00","0,00",0.0,0.0,0.0
829,04.6.2024,"46,00",0,0,"46,00","0,00",0.0,0.0,0.0
830,03.6.2024,"46,00",0,0,"46,00","0,00",0.0,0.0,0.0
831,31.5.2024,"46,00",0,0,"46,00","0,00",0.0,0.0,0.0
832,30.5.2024,"46,00",0,0,"46,00","0,00",0.0,0.0,0.0
833,29.5.2024,"46,00",0,0,"46,00","0,00",0.0,0.0,0.0
834,28.5.2024,"46,00",0,0,"46,00","0,00",0.0,0.0,0.0
835,27.5.2024,"46,00",0,0,"46,00","0,00",0.0,0.0,0.0
836,23.5.2024,"46,00",0,0,"46,00","0,00",0.0,0.0,0.0
837,22.5.2024,"46,00",0,0,"46,00","0,00",0.0,0.0,0.0
838,21.5.2024,"46,00",0,0,"46,00","0,00",0.0,0.0,0.0
839,20.5.2024,"46,00",0,0,"46,00","0,00",0.0,0.0,0.0
840,17.5.2024,"46,00",0,0,"46,00","0,00",0.0,0.0,0.0
841,16.5.2024,"46,00",0,0,"46,00","0,00",0.0,0.0,0.0
842,15.5.2024,"46,00",0,0,"46,00","0,00",0.0,0.0,0.0
843,14.5.2024,"46,00",0,0,"46,00","0,00",0.0,0.0,0.0
844,13.5.2024,"46,00",0,0,"46,00","0,00",0.0,0.0,0.0
845,10.5.2024,"46,00",0,0,"46,00","0,00",0.0,0.0,0.0
846,09.5.2024,"46,00",0,0,"46,00","0,00",0.0,0.0,0.0
847,07.5.2024,"46,00",0,0,"46,00","0,00",0.0,0.0,0.0
848,02.5.2024,"46,00",0,0,"46,00","0,00",0.0,0.0,0.0
849,30.4.2024,"46,00",0,0,"46,00","0,00",0.0,0.0,0.0
850,29.4.2024,"46,00",0,0,"46,00","0,00",0.0,0.0,0.0
851,26.4.2024,"46,00",0,0,"46,00","0,00",0.0,0.0,0.0
852,25.4.2024,"46,00",0,0,"46,00","0,00",0.0,0.0,0.0
853,23.4.2024,"46,00",0,0,"46,00","0,00",0.0,0.0,0.0
854,22.4.2024,"46,00",0,0,"46,00","0,00",0.0,0.0,0.0
855,19.4.2024,"46,00",0,0,"46,00","0,00",0.0,0.0,0.0
856,18.4.2024,"46,00",0,0,"46,00","0,00",0.0,0.0,0.0
857,17.4.2024,"46,00",0,0,"46,00","0,00",0.0,0.0,0.0
858,16.4.2024,"46,00",0,0,"46,00","0,00",0.0,0.0,0.0
859,15.4.2024,"46,00",0,0,"46,00","0,00",0.0,0.0,0.0
860,12.4.2024,"46,00",0,0,"46,00","0,00",0.0,0.0,0.0
861,11.4.2024,"46,00",0,0,"46,00","0,00",0.0,0.0,0.0
862,09.4.2024,"46,00",0,0,"46,00","0,00",0.0,0.0,0.0
863,08.4.2024,"46,00",0,0,"46,00","0,00",0.0,0.0,0.0
864,05.4.2024,"46,00",0,0,"46,00","0,00",0.0,0.0,0.0
865,04.4.2024,"46,00",0,0,"46,00","0,00",0.0,0.0,0.0
866,03.4.2024,"46,00",0,0,"46,00","0,00",0.0,0.0,0.0
867,02.4.2024,"46,00",0,0,"46,00","0,00",0.0,0.0,0.0
868,01.4.2024,"46,00",0,0,"46,00","0,00",0.0,0.0,0.0
869,29.3.2024,"46,00",0,0,"46,00","0,00",0.0,0.0,0.0
870,28.3.2024,"46,00",0,0,"46,00","0,00",0.0,0.0,0.0
871,27.3.2024,"46,00",0,0,"46,00","0,00",0.0,0.0,0.0
872,26.3.2024,"46,00",0,0,"46,00","0,00",0.0,0.0,0.0
873,25.3.2024,"46,00",0,0,"46,00","0,00",0.0,0.0,0.0
874,22.3.2024,"46,00",0,0,"46,00","0,00",0.0,0.0,0.0
875,21.3.2024,"46,00",0,0,"46,00","0,00",0.0,0.0,0.0
876,20.3.2024,"46,00",0,0,"46,00","0,00",0.0,0.0,0.0
877,19.3.2024,"46,00",0,0,"46,00","0,00",0.0,0.0,0.0
878,18.3.2024,"46,00",0,0,"46,00","0,00",0.0,0.0,0.0
879,15.3.2024,"46,00",0,0,"46,00","0,00",0.0,0.0,0.0
880,14.3.2024,"46,00",0,0,"46,00","0,00",0.0,0.0,0.0
881,13.3.2024,"46,00",0,0,"46,00","0,00",0.0,0.0,0.0
882,12.3.2024,"46,00",0,0,"46,00","0,00",0.0,0.0,0.0
883,11.3.2024,"46,00",0,0,"46,00","0,00",0.0,0.0,0.0
884,08.3.2024,"46,00",0,0,"46,00","0,00",0.0,0.0,0.0
885,07.3.2024,"46,00",0,0,"46,00","0,00",0.0,0.0,0.0
886,06.3.2024,"46,00",0,0,"46,00","0,00",0.0,0.0,0.0
887,05.3.2024,"46,00",0,0,"46,00","0,00",0.0,0.0,0.0
888,04.3.2024,"46,00",0,0,"46,00","0,00",0.0,0.0,0.0
889,01.3.2024,"46,00",0,0,"46,00","0,00",0.0,0.0,0.0
890,29.2.2024,"46,00",0,0,"46,00","0,00",0.0,0.0,0.0
891,28.2.2024,"46,00",0,0,"46,00","0,00",0.0,0.0,0.0
892,27.2.2024,"46,00",0,0,"46,00","0,00",0.0,0.0,0.0
893,26.2.2024,"46,00",0,0,"46,00","0,00",0.0,0.0,0.0
894,23.2.2024,"46,00",0,0,"46,00","0,00",0.0,0.0,0.0
895,22.2.2024,"46,00",0,0,"46,00","0,00",0.0,0.0,0.0
896,21.2.2024,"46,00",0,0,"46,00","0,00",0.0,0.0,0.0
897,20.2.2024,"46,00",0,0,"46,00","0,00",0.0,0.0,0.0
898,19.2.2024,"46,00",0,0,"46,00","0,00",0.0,0.0,0.0
899,16.2.2024,"46,00",0,0,"46,00","0,00",0.0,0.0,0.0
900,15.2.2024,"46,00",0,0,"46,00","0,00",0.0,0.0,0.0
901,14.2.2024,"46,00",0,0,"46,00","0,00",0.0,0.0,0.0
902,13.2.2024,"46,00",0,0,"46,00","0,00",0.0,0.0,0.0
903,12.2.2024,"46,00",0,0,"46,00","0,00",0.0,0.0,0.0
904,09.2.2024,"46,00",0,0,"46,00","0,00",0.0,0.0,0.0
905,08.2.2024,"46,00",0,0,"46,00","0,00",0.0,0.0,0.0
906,07.2.2024,"46,00",0,0,"46,00","0,00",0.0,0.0,0.0
907,06.2.2024,"46,00",0,0,"46,00","0,00",0.0,0.0,0.0
908,05.2.2024,"46,00",0,0,"46,00","0,00",0.0,0.0,0.0
909,02.2.2024,"46,00",0,0,"46,00","0,00",0.0,0.0,0.0
910,01.2.2024,"46,00",0,0,"46,00","0,00",0.0,0.0,0.0
911,31.1.2024,"46,00",0,0,"46,00","0,00",0.0,0.0,0.0
912,30.1.2024,"46,00",0,0,"46,00","0,00",0.0,0.0,0.0
913,29.1.2024,"46,00",0,0,"46,00","0,00",0.0,0.0,0.0
914,26.1.2024,"46,00",0,0,"46,00","0,00",0.0,0.0,0.0
915,25.1.2024,"46,00",0,0,"46,00","0,00",0.0,0.0,0.0
916,24.1.2024,"46,00",0,0,"46,00","0,00",0.0,0.0,0.0
917,23.1.2024,"46,00",0,0,"46,00","0,00",0.0,0.0,0.0
918,22.1.2024,"46,00",0,0,"46,00","0,00",0.0,0.0,0.0
919,18.1.2024,"46,00",0,0,"46,00","0,00",0.0,0.0,0.0
920,17.1.2024,"46,00",0,0,"46,00","0,00",0.0,0.0,0.0
921,16.1.2024,"46,00",0,0,"46,00","0,00",0.0,0.0,0.0
922,15.1.2024,"46,00",0,0,"46,00","0,00",0.0,0.0,0.0
923,12.1.2024,"46,00",0,0,"46,00","0,00",0.0,0.0,0.0
924,11.1.2024,"46,00",0,0,"46,00","0,00",0.0,0.0,0.0
925,10.1.2024,"46,00",0,0,"46,00","0,00",0.0,0.0,0.0
926,09.1.2024,"46,00",0,0,"46,00","0,00",0.0,0.0,0.0
927,05.1.2024,"46,00",0,0,"46,00","0,00",0.0,0.0,0.0
928,04.1.2024,"46,00",0,0,"46,00","0,00",0.0,0.0,0.0
929,03.1.2024,"46,00",0,0,"46,00","0,00",0.0,0.0,0.0
930,02.1.2024,"46,00",0,0,"46,00","0,00",0.0,0.0,0.0
931,28.12.2023,"46,00",0,0,"46,00","0,00",0.0,0.0,0.0
932,27.12.2023,"46,00",0,0,"46,00","0,00",0.0,0.0,0.0
933,26.12.2023,"46,00",0,0,"46,00","0,00",0.0,0.0,0.0
934,25.12.2023,"46,00",0,0,"46,00","0,00",0.0,0.0,0.0
935,22.12.2023,"46,00",0,0,"46,00","0,00",0.0,0.0,0.0
936,21.12.2023,"46,00",0,0,"46,00","0,00",0.0,0.0,0.0
937,20.12.2023,"46,00",0,0,"46,00","0,00",0.0,0.0,0.0
938,19.12.2023,"46,00",0,0,"46,00","0,00",0.0,0.0,0.0
939,18.12.2023,"46,00",0,0,"46,00","0,00",0.0,0.0,0.0
940,15.12.2023,"46,00",0,0,"46,00","0,00",0.0,0.0,0.0
941,14.12.2023,"46,00",0,0,"46,00","0,00",0.0,0.0,0.0
942,13.12.2023,"46,00",0,0,"46,00","0,00",0.0,0.0,0.0
943,12.12.2023,"46,00",0,0,"46,00","0,00",0.0,0.0,0.0
944,11.12.2023,"46,00",0,0,"46,00","0,00",0.0,0.0,0.0
945,07.12.2023,"46,00",0,0,"46,00","0,00",0.0,0.0,0.0
946,06.12.2023,"46,00",0,0,"46,00","0,00",0.0,0.0,0.0
947,05.12.2023,"46,00",0,0,"46,00","0,00",0.0,0.0,0.0
948,04.12.2023,"46,00",0,0,"46,00","0,00",0.0,0.0,0.0
949,01.12.2023,"46,00",0,0,"46,00","0,00",0.0,0.0,0.0
950,30.11.2023,"46,00",0,0,"46,00","0,00",0.0,0.0,0.0
951,29.11.2023,"46,00",0,0,"46,00","0,00",0.0,0.0,0.0
952,28.11.2023,"46,00",0,0,"46,00","0,00",0.0,0.0,0.0
953,27.11.2023,"46,00",0,0,"46,00","0,00",0.0,0.0,0.0
954,24.11.2023,"46,00",0,0,"46,00","0,00",0.0,0.0,0.0
955,23.11.2023,"46,00",0,0,"46,00","0,00",0.0,0.0,0.0
956,22.11.2023,"46,00",0,0,"46,00","0,00",0.0,0.0,0.0
957,21.11.2023,"46,00",0,0,"46,00","0,00",0.0,0.0,0.0
958,20.11.2023,"46,00",0,0,"46,00","0,00",0.0,0.0,0.0
959,17.11.2023,"46,00",0,0,"46,00","0,00",0.0,0.0,0.0
960,16.11.2023,"46,00",0,0,"46,00","0,00",0.0,0.0,0.0
961,15.11.2023,"46,00",0,0,"46,00","0,00",0.0,0.0,0.0
962,14.11.2023,"46,00",0,0,"46,00","0,00",0.0,0.0,0.0
963,13.11.2023,"46,00",0,0,"46,00","0,00",0.0,0.0,0.0
964,07.11.2024,"16,00",0,0,"16,00","0,00",0.0,0.0,0.0
965,06.11.2024,"16,00",0,0,"16,00","0,00",0.0,0.0,0.0
966,05.11.2024,"16,00",0,0,"16,00","0,00",0.0,0.0,0.0
967,04.11.2024,"16,00",0,0,"16,00","0,00",0.0,0.0,0.0
968,01.11.2024,"16,00",0,0,"16,00","0,00",0.0,0.0,0.0
969,31.10.2024,"16,00",0,0,"16,00","0,00",0.0,0.0,0.0
970,30.10.2024,"16,00",0,0,"16,00","0,00",0.0,0.0,0.0
971,29.10.2024,"16,00",0,0,"16,00","0,00",0.0,0.0,0.0
972,28.10.2024,"16,00",0,0,"16,00","0,00",0.0,0.0,0.0
973,25.10.2024,"16,00",0,0,"16,00","0,00",0.0,0.0,0.0
974,24.10.2024,"16,00",0,0,"16,00","0,00",0.0,0.0,0.0
975,22.10.2024,"16,00",0,0,"16,00","0,00",0.0,0.0,0.0
976,21.10.2024,"16,00",0,0,"16,00","0,00",0.0,0.0,0.0
977,18.10.2024,"16,00",0,0,"16,00","0,00",0.0,0.0,0.0
978,17.10.2024,"16,00",0,0,"16,00","0,00",0.0,0.0,0.0
979,16.10.2024,"16,00",0,0,"16,00","0,00",0.0,0.0,0.0
980,15.10.2024,"16,00",0,0,"16,00","0,00",0.0,0.0,0.0
981,14.10.2024,"16,00","16,00","16,00","16,00","0,00",2.7,43.2,43.2
982,10.10.2024,"16,00",0,0,"16,00","0,00",0.0,0.0,0.0
983,09.10.2024,"16,00",0,0,"16,00","0,00",0.0,0.0,0.0
984,08.10.2024,"16,00",0,0,"16,00","0,00",0.0,0.0,0.0
985,07.10.2024,"16,00",0,0,"16,00","0,00",0.0,0.0,0.0
986,04.10.2024,"16,00",0,0,"16,00","0,00",0.0,0.0,0.0
987,03.10.2024,"16,00",0,0,"16,00","0,00",0.0,0.0,0.0
988,02.10.2024,"16,00","16,00","16,00","16,00","0,00",449.0,7.184,7.184
989,01.10.2024,"16,00",0,0,"16,00","0,00",0.0,0.0,0.0
990,30.9.2024,"16,00",0,0,"16,00","0,00",0.0,0.0,0.0
991,27.9.2024,"16,00",0,0,"16,00","0,00",0.0,0.0,0.0
992,26.9.2024,"16,00",0,0,"16,00","0,00",0.0,0.0,0.0
993,25.9.2024,"16,00",0,0,"16,00","0,00",0.0,0.0,0.0
994,24.9.2024,"16,00","16,00","16,00","16,00","-15,79",349.0,5.584,5.584
995,23.9.2024,"19,00",0,0,"19,00","0,00",0.0,0.0,0.0
996,20.9.2024,"19,00",0,0,"19,00","0,00",0.0,0.0,0.0
997,19.9.2024,"19,00",0,0,"19,00","0,00",0.0,0.0,0.0
998,18.9.2024,"19,00",0,0,"19,00","0,00",0.0,0.0,0.0
999,17.9.2024,"19,00",0,0,"19,00","0,00",0.0,0.0,0.0
1000,16.9.2024,"19,00",0,0,"19,00","0,00",0.0,0.0,0.0
1001,13.9.2024,"19,00",0,0,"19,00","0,00",0.0,0.0,0.0
1002,12.9.2024,"19,00",0,0,"19,00","0,00",0.0,0.0,0.0
1003,11.9.2024,"19,00",0,0,"19,00","0,00",0.0,0.0,0.0
1004,10.9.2024,"19,00",0,0,"19,00","0,00",0.0,0.0,0.0
1005,06.9.2024,"19,00",0,0,"19,00","0,00",0.0,0.0,0.0
1006,05.9.2024,"19,00",0,0,"19,00","0,00",0.0,0.0,0.0
1007,04.9.2024,"19,00",0,0,"19,00","0,00",0.0,0.0,0.0
1008,03.9.2024,"19,00",0,0,"19,00","0,00",0.0,0.0,0.0
1009,02.9.2024,"19,00",0,0,"19,00","0,00",0.0,0.0,0.0
1010,30.8.2024,"19,00",0,0,"19,00","0,00",0.0,0.0,0.0
1011,29.8.2024,"19,00",0,0,"19,00","0,00",0.0,0.0,0.0
1012,27.8.2024,"19,00",0,0,"19,00","0,00",0.0,0.0,0.0
1013,26.8.2024,"19,00",0,0,"19,00","0,00",0.0,0.0,0.0
1014,23.8.2024,"19,00",0,0,"19,00","0,00",0.0,0.0,0.0
1015,22.8.2024,"19,00",0,0,"19,00","0,00",0.0,0.0,0.0
1016,21.8.2024,"19,00",0,0,"19,00","0,00",0.0,0.0,0.0
1017,20.8.2024,"19,00",0,0,"19,00","0,00",0.0,0.0,0.0
1018,19.8.2024,"19,00",0,0,"19,00","0,00",0.0,0.0,0.0
1019,16.8.2024,"19,00",0,0,"19,00","0,00",0.0,0.0,0.0
1020,15.8.2024,"19,00",0,0,"19,00","0,00",0.0,0.0,0.0
1021,14.8.2024,"19,00",0,0,"19,00","0,00",0.0,0.0,0.0
1022,13.8.2024,"19,00",0,0,"19,00","0,00",0.0,0.0,0.0
1023,12.8.2024,"19,00",0,0,"19,00","0,00",0.0,0.0,0.0
1024,09.8.2024,"19,00",0,0,"19,00","0,00",0.0,0.0,0.0
1025,08.8.2024,"19,00",0,0,"19,00","0,00",0.0,0.0,0.0
1026,07.8.2024,"19,00",0,0,"19,00","0,00",0.0,0.0,0.0
1027,06.8.2024,"19,00",0,0,"19,00","0,00",0.0,0.0,0.0
1028,05.8.2024,"19,00",0,0,"19,00","0,00",0.0,0.0,0.0
1029,01.8.2024,"19,00","19,00","19,00","19,00","-5,00",120.0,2.28,2.28
1030,31.7.2024,"20,00",0,0,"20,00","0,00",0.0,0.0,0.0
1031,30.7.2024,"20,00",0,0,"20,00","0,00",0.0,0.0,0.0
1032,29.7.2024,"20,00",0,0,"20,00","0,00",0.0,0.0,0.0
1033,26.7.2024,"20,00",0,0,"20,00","0,00",0.0,0.0,0.0
1034,25.7.2024,"20,00",0,0,"20,00","0,00",0.0,0.0,0.0
1035,24.7.2024,"20,00",0,0,"20,00","0,00",0.0,0.0,0.0
1036,23.7.2024,"20,00",0,0,"20,00","0,00",0.0,0.0,0.0
1037,22.7.2024,"20,00",0,0,"20,00","0,00",0.0,0.0,0.0
1038,19.7.2024,"20,00",0,0,"20,00","0,00",0.0,0.0,0.0
1039,18.7.2024,"20,00",0,0,"20,00","0,00",0.0,0.0,0.0
1040,17.7.2024,"20,00",0,0,"20,00","0,00",0.0,0.0,0.0
1041,16.7.2024,"20,00",0,0,"20,00","0,00",0.0,0.0,0.0
1042,15.7.2024,"20,00",0,0,"20,00","0,00",0.0,0.0,0.0
1043,12.7.2024,"20,00",0,0,"20,00","0,00",0.0,0.0,0.0
1044,11.7.2024,"20,00",0,0,"20,00","0,00",0.0,0.0,0.0
1045,10.7.2024,"20,00",0,0,"20,00","0,00",0.0,0.0,0.0
1046,09.7.2024,"20,00",0,0,"20,00","0,00",0.0,0.0,0.0
1047,08.7.2024,"20,00",0,0,"20,00","0,00",0.0,0.0,0.0
1048,05.7.2024,"20,00",0,0,"20,00","0,00",0.0,0.0,0.0
1049,04.7.2024,"20,00",0,0,"20,00","0,00",0.0,0.0,0.0
1050,03.7.2024,"20,00",0,0,"20,00","0,00",0.0,0.0,0.0
1051,02.7.2024,"20,00",0,0,"20,00","0,00",0.0,0.0,0.0
1052,01.7.2024,"20,00",0,0,"20,00","0,00",0.0,0.0,0.0
1053,28.6.2024,"20,00",0,0,"20,00","0,00",0.0,0.0,0.0
1054,27.6.2024,"20,00",0,0,"20,00","0,00",0.0,0.0,0.0
1055,26.6.2024,"20,00",0,0,"20,00","0,00",0.0,0.0,0.0
1056,25.6.2024,"20,00",0,0,"20,00","0,00",0.0,0.0,0.0
1057,24.6.2024,"20,00",0,0,"20,00","0,00",0.0,0.0,0.0
1058,20.6.2024,"20,00",0,0,"20,00","0,00",0.0,0.0,0.0
1059,19.6.2024,"20,00",0,0,"20,00","0,00",0.0,0.0,0.0
1060,18.6.2024,"20,00",0,0,"20,00","0,00",0.0,0.0,0.0
1061,17.6.2024,"20,00",0,0,"20,00","0,00",0.0,0.0,0.0
1062,14.6.2024,"20,00",0,0,"20,00","0,00",0.0,0.0,0.0
1063,13.6.2024,"20,00",0,0,"20,00","0,00",0.0,0.0,0.0
1064,12.6.2024,"20,00",0,0,"20,00","0,00",0.0,0.0,0.0
1065,11.6.2024,"20,00","20,00","20,00","20,00","-56,52",300.0,6.0,6.0
1066,10.6.2024,"46,00",0,0,"46,00","0,00",0.0,0.0,0.0
1067,07.6.2024,"46,00",0,0,"46,00","0,00",0.0,0.0,0.0
1068,06.6.2024,"46,00",0,0,"46,00","0,00",0.0,0.0,0.0
1069,05.6.2024,"46,00",0,0,"46,00","0,00",0.0,0.0,0.0
1070,04.6.2024,"46,00",0,0,"46,00","0,00",0.0,0.0,0.0
1071,03.6.2024,"46,00",0,0,"46,00","0,00",0.0,0.0,0.0
1072,31.5.2024,"46,00",0,0,"46,00","0,00",0.0,0.0,0.0
1073,30.5.2024,"46,00",0,0,"46,00","0,00",0.0,0.0,0.0
1074,29.5.2024,"46,00",0,0,"46,00","0,00",0.0,0.0,0.0
1075,28.5.2024,"46,00",0,0,"46,00","0,00",0.0,0.0,0.0
1076,27.5.2024,"46,00",0,0,"46,00","0,00",0.0,0.0,0.0
1077,23.5.2024,"46,00",0,0,"46,00","0,00",0.0,0.0,0.0
1078,22.5.2024,"46,00",0,0,"46,00","0,00",0.0,0.0,0.0
1079,21.5.2024,"46,00",0,0,"46,00","0,00",0.0,0.0,0.0
1080,20.5.2024,"46,00",0,0,"46,00","0,00",0.0,0.0,0.0
1081,17.5.2024,"46,00",0,0,"46,00","0,00",0.0,0.0,0.0
1082,16.5.2024,"46,00",0,0,"46,00","0,00",0.0,0.0,0.0
1083,15.5.2024,"46,00",0,0,"46,00","0,00",0.0,0.0,0.0
1084,14.5.2024,"46,00",0,0,"46,00","0,00",0.0,0.0,0.0
1085,13.5.2024,"46,00",0,0,"46,00","0,00",0.0,0.0,0.0
1086,10.5.2024,"46,00",0,0,"46,00","0,00",0.0,0.0,0.0
1087,09.5.2024,"46,00",0,0,"46,00","0,00",0.0,0.0,0.0
1088,07.5.2024,"46,00",0,0,"46,00","0,00",0.0,0.0,0.0
1089,02.5.2024,"46,00",0,0,"46,00","0,00",0.0,0.0,0.0
1090,30.4.2024,"46,00",0,0,"46,00","0,00",0.0,0.0,0.0
1091,29.4.2024,"46,00",0,0,"46,00","0,00",0.0,0.0,0.0
1092,26.4.2024,"46,00",0,0,"46,00","0,00",0.0,0.0,0.0
1093,25.4.2024,"46,00",0,0,"46,00","0,00",0.0,0.0,0.0
1094,23.4.2024,"46,00",0,0,"46,00","0,00",0.0,0.0,0.0
1095,22.4.2024,"46,00",0,0,"46,00","0,00",0.0,0.0,0.0
1096,19.4.2024,"46,00",0,0,"46,00","0,00",0.0,0.0,0.0
1097,18.4.2024,"46,00",0,0,"46,00","0,00",0.0,0.0,0.0
1098,17.4.2024,"46,00",0,0,"46,00","0,00",0.0,0.0,0.0
1099,16.4.2024,"46,00",0,0,"46,00","0,00",0.0,0.0,0.0
1100,15.4.2024,"46,00",0,0,"46,00","0,00",0.0,0.0,0.0
1101,12.4.2024,"46,00",0,0,"46,00","0,00",0.0,0.0,0.0
1102,11.4.2024,"46,00",0,0,"46,00","0,00",0.0,0.0,0.0
1103,09.4.2024,"46,00",0,0,"46,00","0,00",0.0,0.0,0.0
1104,08.4.2024,"46,00",0,0,"46,00","0,00",0.0,0.0,0.0
1105,05.4.2024,"46,00",0,0,"46,00","0,00",0.0,0.0,0.0
1106,04.4.2024,"46,00",0,0,"46,00","0,00",0.0,0.0,0.0
1107,03.4.2024,"46,00",0,0,"46,00","0,00",0.0,0.0,0.0
1108,02.4.2024,"46,00",0,0,"46,00","0,00",0.0,0.0,0.0
1109,01.4.2024,"46,00",0,0,"46,00","0,00",0.0,0.0,0.0
1110,29.3.2024,"46,00",0,0,"46,00","0,00",0.0,0.0,0.0
1111,28.3.2024,"46,00",0,0,"46,00","0,00",0.0,0.0,0.0
1112,27.3.2024,"46,00",0,0,"46,00","0,00",0.0,0.0,0.0
1113,26.3.2024,"46,00",0,0,"46,00","0,00",0.0,0.0,0.0
1114,25.3.2024,"46,00",0,0,"46,00","0,00",0.0,0.0,0.0
1115,22.3.2024,"46,00",0,0,"46,00","0,00",0.0,0.0,0.0
1116,21.3.2024,"46,00",0,0,"46,00","0,00",0.0,0.0,0.0
1117,20.3.2024,"46,00",0,0,"46,00","0,00",0.0,0.0,0.0
1118,19.3.2024,"46,00",0,0,"46,00","0,00",0.0,0.0,0.0
1119,18.3.2024,"46,00",0,0,"46,00","0,00",0.0,0.0,0.0
1120,15.3.2024,"46,00",0,0,"46,00","0,00",0.0,0.0,0.0
1121,14.3.2024,"46,00",0,0,"46,00","0,00",0.0,0.0,0.0
1122,13.3.2024,"46,00",0,0,"46,00","0,00",0.0,0.0,0.0
1123,12.3.2024,"46,00",0,0,"46,00","0,00",0.0,0.0,0.0
1124,11.3.2024,"46,00",0,0,"46,00","0,00",0.0,0.0,0.0
1125,08.3.2024,"46,00",0,0,"46,00","0,00",0.0,0.0,0.0
1126,07.3.2024,"46,00",0,0,"46,00","0,00",0.0,0.0,0.0
1127,06.3.2024,"46,00",0,0,"46,00","0,00",0.0,0.0,0.0
1128,05.3.2024,"46,00",0,0,"46,00","0,00",0.0,0.0,0.0
1129,04.3.2024,"46,00",0,0,"46,00","0,00",0.0,0.0,0.0
1130,01.3.2024,"46,00",0,0,"46,00","0,00",0.0,0.0,0.0
1131,29.2.2024,"46,00",0,0,"46,00","0,00",0.0,0.0,0.0
1132,28.2.2024,"46,00",0,0,"46,00","0,00",0.0,0.0,0.0
1133,27.2.2024,"46,00",0,0,"46,00","0,00",0.0,0.0,0.0
1134,26.2.2024,"46,00",0,0,"46,00","0,00",0.0,0.0,0.0
1135,23.2.2024,"46,00",0,0,"46,00","0,00",0.0,0.0,0.0
1136,22.2.2024,"46,00",0,0,"46,00","0,00",0.0,0.0,0.0
1137,21.2.2024,"46,00",0,0,"46,00","0,00",0.0,0.0,0.0
1138,20.2.2024,"46,00",0,0,"46,00","0,00",0.0,0.0,0.0
1139,19.2.2024,"46,00",0,0,"46,00","0,00",0.0,0.0,0.0
1140,16.2.2024,"46,00",0,0,"46,00","0,00",0.0,0.0,0.0
1141,15.2.2024,"46,00",0,0,"46,00","0,00",0.0,0.0,0.0
1142,14.2.2024,"46,00",0,0,"46,00","0,00",0.0,0.0,0.0
1143,13.2.2024,"46,00",0,0,"46,00","0,00",0.0,0.0,0.0
1144,12.2.2024,"46,00",0,0,"46,00","0,00",0.0,0.0,0.0
1145,09.2.2024,"46,00",0,0,"46,00","0,00",0.0,0.0,0.0
1146,08.2.2024,"46,00",0,0,"46,00","0,00",0.0,0.0,0.0
1147,07.2.2024,"46,00",0,0,"46,00","0,00",0.0,0.0,0.0
1148,06.2.2024,"46,00",0,0,"46,00","0,00",0.0,0.0,0.0
1149,05.2.2024,"46,00",0,0,"46,00","0,00",0.0,0.0,0.0
1150,02.2.2024,"46,00",0,0,"46,00","0,00",0.0,0.0,0.0
1151,01.2.2024,"46,00",0,0,"46,00","0,00",0.0,0.0,0.0
1152,31.1.2024,"46,00",0,0,"46,00","0,00",0.0,0.0,0.0
1153,30.1.2024,"46,00",0,0,"46,00","0,00",0.0,0.0,0.0
1154,29.1.2024,"46,00",0,0,"46,00","0,00",0.0,0.0,0.0
1155,26.1.2024,"46,00",0,0,"46,00","0,00",0.0,0.0,0.0
1156,25.1.2024,"46,00",0,0,"46,00","0,00",0.0,0.0,0.0
1157,24.1.2024,"46,00",0,0,"46,00","0,00",0.0,0.0,0.0
1158,23.1.2024,"46,00",0,0,"46,00","0,00",0.0,0.0,0.0
1159,22.1.2024,"46,00",0,0,"46,00","0,00",0.0,0.0,0.0
1160,18.1.2024,"46,00",0,0,"46,00","0,00",0.0,0.0,0.0
1161,17.1.2024,"46,00",0,0,"46,00","0,00",0.0,0.0,0.0
1162,16.1.2024,"46,00",0,0,"46,00","0,00",0.0,0.0,0.0
1163,15.1.2024,"46,00",0,0,"46,00","0,00",0.0,0.0,0.0
1164,12.1.2024,"46,00",0,0,"46,00","0,00",0.0,0.0,0.0
1165,11.1.2024,"46,00",0,0,"46,00","0,00",0.0,0.0,0.0
1166,10.1.2024,"46,00",0,0,"46,00","0,00",0.0,0.0,0.0
1167,09.1.2024,"46,00",0,0,"46,00","0,00",0.0,0.0,0.0
1168,05.1.2024,"46,00",0,0,"46,00","0,00",0.0,0.0,0.0
1169,04.1.2024,"46,00",0,0,"46,00","0,00",0.0,0.0,0.0
1170,03.1.2024,"46,00",0,0,"46,00","0,00",0.0,0.0,0.0
1171,02.1.2024,"46,00",0,0,"46,00","0,00",0.0,0.0,0.0
1172,28.12.2023,"46,00",0,0,"46,00","0,00",0.0,0.0,0.0
1173,27.12.2023,"46,00",0,0,"46,00","0,00",0.0,0.0,0.0
1174,26.12.2023,"46,00",0,0,"46,00","0,00",0.0,0.0,0.0
1175,25.12.2023,"46,00",0,0,"46,00","0,00",0.0,0.0,0.0
1176,22.12.2023,"46,00",0,0,"46,00","0,00",0.0,0.0,0.0
1177,21.12.2023,"46,00",0,0,"46,00","0,00",0.0,0.0,0.0
1178,20.12.2023,"46,00",0,0,"46,00","0,00",0.0,0.0,0.0
1179,19.12.2023,"46,00",0,0,"46,00","0,00",0.0,0.0,0.0
1180,18.12.2023,"46,00",0,0,"46,00","0,00",0.0,0.0,0.0
1181,15.12.2023,"46,00",0,0,"46,00","0,00",0.0,0.0,0.0
1182,14.12.2023,"46,00",0,0,"46,00","0,00",0.0,0.0,0.0
1183,13.12.2023,"46,00",0,0,"46,00","0,00",0.0,0.0,0.0
1184,12.12.2023,"46,00",0,0,"46,00","0,00",0.0,0.0,0.0
1185,11.12.2023,"46,00",0,0,"46,00","0,00",0.0,0.0,0.0
1186,07.12.2023,"46,00",0,0,"46,00","0,00",0.0,0.0,0.0
1187,06.12.2023,"46,00",0,0,"46,00","0,00",0.0,0.0,0.0
1188,05.12.2023,"46,00",0,0,"46,00","0,00",0.0,0.0,0.0
1189,04.12.2023,"46,00",0,0,"46,00","0,00",0.0,0.0,0.0
1190,01.12.2023,"46,00",0,0,"46,00","0,00",0.0,0.0,0.0
1191,30.11.2023,"46,00",0,0,"46,00","0,00",0.0,0.0,0.0
1192,29.11.2023,"46,00",0,0,"46,00","0,00",0.0,0.0,0.0
1193,28.11.2023,"46,00",0,0,"46,00","0,00",0.0,0.0,0.0
1194,27.11.2023,"46,00",0,0,"46,00","0,00",0.0,0.0,0.0
1195,24.11.2023,"46,00",0,0,"46,00","0,00",0.0,0.0,0.0
1196,23.11.2023,"46,00",0,0,"46,00","0,00",0.0,0.0,0.0
1197,22.11.2023,"46,00",0,0,"46,00","0,00",0.0,0.0,0.0
1198,21.11.2023,"46,00",0,0,"46,00","0,00",0.0,0.0,0.0
1199,20.11.2023,"46,00",0,0,"46,00","0,00",0.0,0.0,0.0
1200,17.11.2023,"46,00",0,0,"46,00","0,00",0.0,0.0,0.0
1201,16.11.2023,"46,00",0,0,"46,00","0,00",0.0,0.0,0.0
1202,15.11.2023,"46,00",0,0,"46,00","0,00",0.0,0.0,0.0
1203,14.11.2023,"46,00",0,0,"46,00","0,00",0.0,0.0,0.0
1204,13.11.2023,"46,00",0,0,"46,00","0,00",0.0,0.0,0.0
1205,07.11.2024,"16,00",0,0,"16,00","0,00",0.0,0.0,0.0
1206,06.11.2024,"16,00",0,0,"16,00","0,00",0.0,0.0,0.0
1207,05.11.2024,"16,00",0,0,"16,00","0,00",0.0,0.0,0.0
1208,04.11.2024,"16,00",0,0,"16,00","0,00",0.0,0.0,0.0
1209,01.11.2024,"16,00",0,0,"16,00","0,00",0.0,0.0,0.0
1210,31.10.2024,"16,00",0,0,"16,00","0,00",0.0,0.0,0.0
1211,30.10.2024,"16,00",0,0,"16,00","0,00",0.0,0.0,0.0
1212,29.10.2024,"16,00",0,0,"16,00","0,00",0.0,0.0,0.0
1213,28.10.2024,"16,00",0,0,"16,00","0,00",0.0,0.0,0.0
1214,25.10.2024,"16,00",0,0,"16,00","0,00",0.0,0.0,0.0
1215,24.10.2024,"16,00",0,0,"16,00","0,00",0.0,0.0,0.0
1216,22.10.2024,"16,00",0,0,"16,00","0,00",0.0,0.0,0.0
1217,21.10.2024,"16,00",0,0,"16,00","0,00",0.0,0.0,0.0
1218,18.10.2024,"16,00",0,0,"16,00","0,00",0.0,0.0,0.0
1219,17.10.2024,"16,00",0,0,"16,00","0,00",0.0,0.0,0.0
1220,16.10.2024,"16,00",0,0,"16,00","0,00",0.0,0.0,0.0
1221,15.10.2024,"16,00",0,0,"16,00","0,00",0.0,0.0,0.0
1222,14.10.2024,"16,00","16,00","16,00","16,00","0,00",2.7,43.2,43.2
1223,10.10.2024,"16,00",0,0,"16,00","0,00",0.0,0.0,0.0
1224,09.10.2024,"16,00",0,0,"16,00","0,00",0.0,0.0,0.0
1225,08.10.2024,"16,00",0,0,"16,00","0,00",0.0,0.0,0.0
1226,07.10.2024,"16,00",0,0,"16,00","0,00",0.0,0.0,0.0
1227,04.10.2024,"16,00",0,0,"16,00","0,00",0.0,0.0,0.0
1228,03.10.2024,"16,00",0,0,"16,00","0,00",0.0,0.0,0.0
1229,02.10.2024,"16,00","16,00","16,00","16,00","0,00",449.0,7.184,7.184
1230,01.10.2024,"16,00",0,0,"16,00","0,00",0.0,0.0,0.0
1231,30.9.2024,"16,00",0,0,"16,00","0,00",0.0,0.0,0.0
1232,27.9.2024,"16,00",0,0,"16,00","0,00",0.0,0.0,0.0
1233,26.9.2024,"16,00",0,0,"16,00","0,00",0.0,0.0,0.0
1234,25.9.2024,"16,00",0,0,"16,00","0,00",0.0,0.0,0.0
1235,24.9.2024,"16,00","16,00","16,00","16,00","-15,79",349.0,5.584,5.584
1236,23.9.2024,"19,00",0,0,"19,00","0,00",0.0,0.0,0.0
1237,20.9.2024,"19,00",0,0,"19,00","0,00",0.0,0.0,0.0
1238,19.9.2024,"19,00",0,0,"19,00","0,00",0.0,0.0,0.0
1239,18.9.2024,"19,00",0,0,"19,00","0,00",0.0,0.0,0.0
1240,17.9.2024,"19,00",0,0,"19,00","0,00",0.0,0.0,0.0
1241,16.9.2024,"19,00",0,0,"19,00","0,00",0.0,0.0,0.0
1242,13.9.2024,"19,00",0,0,"19,00","0,00",0.0,0.0,0.0
1243,12.9.2024,"19,00",0,0,"19,00","0,00",0.0,0.0,0.0
1244,11.9.2024,"19,00",0,0,"19,00","0,00",0.0,0.0,0.0
1245,10.9.2024,"19,00",0,0,"19,00","0,00",0.0,0.0,0.0
1246,06.9.2024,"19,00",0,0,"19,00","0,00",0.0,0.0,0.0
1247,05.9.2024,"19,00",0,0,"19,00","0,00",0.0,0.0,0.0
1248,04.9.2024,"19,00",0,0,"19,00","0,00",0.0,0.0,0.0
1249,03.9.2024,"19,00",0,0,"19,00","0,00",0.0,0.0,0.0
1250,02.9.2024,"19,00",0,0,"19,00","0,00",0.0,0.0,0.0
1251,30.8.2024,"19,00",0,0,"19,00","0,00",0.0,0.0,0.0
1252,29.8.2024,"19,00",0,0,"19,00","0,00",0.0,0.0,0.0
1253,27.8.2024,"19,00",0,0,"19,00","0,00",0.0,0.0,0.0
1254,26.8.2024,"19,00",0,0,"19,00","0,00",0.0,0.0,0.0
1255,23.8.2024,"19,00",0,0,"19,00","0,00",0.0,0.0,0.0
1256,22.8.2024,"19,00",0,0,"19,00","0,00",0.0,0.0,0.0
1257,21.8.2024,"19,00",0,0,"19,00","0,00",0.0,0.0,0.0
1258,20.8.2024,"19,00",0,0,"19,00","0,00",0.0,0.0,0.0
1259,19.8.2024,"19,00",0,0,"19,00","0,00",0.0,0.0,0.0
1260,16.8.2024,"19,00",0,0,"19,00","0,00",0.0,0.0,0.0
1261,15.8.2024,"19,00",0,0,"19,00","0,00",0.0,0.0,0.0
1262,14.8.2024,"19,00",0,0,"19,00","0,00",0.0,0.0,0.0
1263,13.8.2024,"19,00",0,0,"19,00","0,00",0.0,0.0,0.0
1264,12.8.2024,"19,00",0,0,"19,00","0,00",0.0,0.0,0.0
1265,09.8.2024,"19,00",0,0,"19,00","0,00",0.0,0.0,0.0
1266,08.8.2024,"19,00",0,0,"19,00","0,00",0.0,0.0,0.0
1267,07.8.2024,"19,00",0,0,"19,00","0,00",0.0,0.0,0.0
1268,06.8.2024,"19,00",0,0,"19,00","0,00",0.0,0.0,0.0
1269,05.8.2024,"19,00",0,0,"19,00","0,00",0.0,0.0,0.0
1270,01.8.2024,"19,00","19,00","19,00","19,00","-5,00",120.0,2.28,2.28
1271,31.7.2024,"20,00",0,0,"20,00","0,00",0.0,0.0,0.0
1272,30.7.2024,"20,00",0,0,"20,00","0,00",0.0,0.0,0.0
1273,29.7.2024,"20,00",0,0,"20,00","0,00",0.0,0.0,0.0
1274,26.7.2024,"20,00",0,0,"20,00","0,00",0.0,0.0,0.0
1275,25.7.2024,"20,00",0,0,"20,00","0,00",0.0,0.0,0.0
1276,24.7.2024,"20,00",0,0,"20,00","0,00",0.0,0.0,0.0
1277,23.7.2024,"20,00",0,0,"20,00","0,00",0.0,0.0,0.0
1278,22.7.2024,"20,00",0,0,"20,00","0,00",0.0,0.0,0.0
1279,19.7.2024,"20,00",0,0,"20,00","0,00",0.0,0.0,0.0
1280,18.7.2024,"20,00",0,0,"20,00","0,00",0.0,0.0,0.0
1281,17.7.2024,"20,00",0,0,"20,00","0,00",0.0,0.0,0.0
1282,16.7.2024,"20,00",0,0,"20,00","0,00",0.0,0.0,0.0
1283,15.7.2024,"20,00",0,0,"20,00","0,00",0.0,0.0,0.0
1284,12.7.2024,"20,00",0,0,"20,00","0,00",0.0,0.0,0.0
1285,11.7.2024,"20,00",0,0,"20,00","0,00",0.0,0.0,0.0
1286,10.7.2024,"20,00",0,0,"20,00","0,00",0.0,0.0,0.0
1287,09.7.2024,"20,00",0,0,"20,00","0,00",0.0,0.0,0.0
1288,08.7.2024,"20,00",0,0,"20,00","0,00",0.0,0.0,0.0
1289,05.7.2024,"20,00",0,0,"20,00","0,00",0.0,0.0,0.0
1290,04.7.2024,"20,00",0,0,"20,00","0,00",0.0,0.0,0.0
1291,03.7.2024,"20,00",0,0,"20,00","0,00",0.0,0.0,0.0
1292,02.7.2024,"20,00",0,0,"20,00","0,00",0.0,0.0,0.0
1293,01.7.2024,"20,00",0,0,"20,00","0,00",0.0,0.0,0.0
1294,28.6.2024,"20,00",0,0,"20,00","0,00",0.0,0.0,0.0
1295,27.6.2024,"20,00",0,0,"20,00","0,00",0.0,0.0,0.0
1296,26.6.2024,"20,00",0,0,"20,00","0,00",0.0,0.0,0.0
1297,25.6.2024,"20,00",0,0,"20,00","0,00",0.0,0.0,0.0
1298,24.6.2024,"20,00",0,0,"20,00","0,00",0.0,0.0,0.0
1299,20.6.2024,"20,00",0,0,"20,00","0,00",0.0,0.0,0.0
1300,19.6.2024,"20,00",0,0,"20,00","0,00",0.0,0.0,0.0
1301,18.6.2024,"20,00",0,0,"20,00","0,00",0.0,0.0,0.0
1302,17.6.2024,"20,00",0,0,"20,00","0,00",0.0,0.0,0.0
1303,14.6.2024,"20,00",0,0,"20,00","0,00",0.0,0.0,0.0
1304,13.6.2024,"20,00",0,0,"20,00","0,00",0.0,0.0,0.0
1305,12.6.2024,"20,00",0,0,"20,00","0,00",0.0,0.0,0.0
1306,11.6.2024,"20,00","20,00","20,00","20,00","-56,52",300.0,6.0,6.0
1307,10.6.2024,"46,00",0,0,"46,00","0,00",0.0,0.0,0.0
1308,07.6.2024,"46,00",0,0,"46,00","0,00",0.0,0.0,0.0
1309,06.6.2024,"46,00",0,0,"46,00","0,00",0.0,0.0,0.0
1310,05.6.2024,"46,00",0,0,"46,00","0,00",0.0,0.0,0.0
1311,04.6.2024,"46,00",0,0,"46,00","0,00",0.0,0.0,0.0
1312,03.6.2024,"46,00",0,0,"46,00","0,00",0.0,0.0,0.0
1313,31.5.2024,"46,00",0,0,"46,00","0,00",0.0,0.0,0.0
1314,30.5.2024,"46,00",0,0,"46,00","0,00",0.0,0.0,0.0
1315,29.5.2024,"46,00",0,0,"46,00","0,00",0.0,0.0,0.0
1316,28.5.2024,"46,00",0,0,"46,00","0,00",0.0,0.0,0.0
1317,27.5.2024,"46,00",0,0,"46,00","0,00",0.0,0.0,0.0
1318,23.5.2024,"46,00",0,0,"46,00","0,00",0.0,0.0,0.0
1319,22.5.2024,"46,00",0,0,"46,00","0,00",0.0,0.0,0.0
1320,21.5.2024,"46,00",0,0,"46,00","0,00",0.0,0.0,0.0
1321,20.5.2024,"46,00",0,0,"46,00","0,00",0.0,0.0,0.0
1322,17.5.2024,"46,00",0,0,"46,00","0,00",0.0,0.0,0.0
1323,16.5.2024,"46,00",0,0,"46,00","0,00",0.0,0.0,0.0
1324,15.5.2024,"46,00",0,0,"46,00","0,00",0.0,0.0,0.0
1325,14.5.2024,"46,00",0,0,"46,00","0,00",0.0,0.0,0.0
1326,13.5.2024,"46,00",0,0,"46,00","0,00",0.0,0.0,0.0
1327,10.5.2024,"46,00",0,0,"46,00","0,00",0.0,0.0,0.0
1328,09.5.2024,"46,00",0,0,"46,00","0,00",0.0,0.0,0.0
1329,07.5.2024,"46,00",0,0,"46,00","0,00",0.0,0.0,0.0
1330,02.5.2024,"46,00",0,0,"46,00","0,00",0.0,0.0,0.0
1331,30.4.2024,"46,00",0,0,"46,00","0,00",0.0,0.0,0.0
1332,29.4.2024,"46,00",0,0,"46,00","0,00",0.0,0.0,0.0
1333,26.4.2024,"46,00",0,0,"46,00","0,00",0.0,0.0,0.0
1334,25.4.2024,"46,00",0,0,"46,00","0,00",0.0,0.0,0.0
1335,23.4.2024,"46,00",0,0,"46,00","0,00",0.0,0.0,0.0
1336,22.4.2024,"46,00",0,0,"46,00","0,00",0.0,0.0,0.0
1337,19.4.2024,"46,00",0,0,"46,00","0,00",0.0,0.0,0.0
1338,18.4.2024,"46,00",0,0,"46,00","0,00",0.0,0.0,0.0
1339,17.4.2024,"46,00",0,0,"46,00","0,00",0.0,0.0,0.0
1340,16.4.2024,"46,00",0,0,"46,00","0,00",0.0,0.0,0.0
1341,15.4.2024,"46,00",0,0,"46,00","0,00",0.0,0.0,0.0
1342,12.4.2024,"46,00",0,0,"46,00","0,00",0.0,0.0,0.0
1343,11.4.2024,"46,00",0,0,"46,00","0,00",0.0,0.0,0.0
1344,09.4.2024,"46,00",0,0,"46,00","0,00",0.0,0.0,0.0
1345,08.4.2024,"46,00",0,0,"46,00","0,00",0.0,0.0,0.0
1346,05.4.2024,"46,00",0,0,"46,00","0,00",0.0,0.0,0.0
1347,04.4.2024,"46,00",0,0,"46,00","0,00",0.0,0.0,0.0
1348,03.4.2024,"46,00",0,0,"46,00","0,00",0.0,0.0,0.0
1349,02.4.2024,"46,00",0,0,"46,00","0,00",0.0,0.0,0.0
1350,01.4.2024,"46,00",0,0,"46,00","0,00",0.0,0.0,0.0
1351,29.3.2024,"46,00",0,0,"46,00","0,00",0.0,0.0,0.0
1352,28.3.2024,"46,00",0,0,"46,00","0,00",0.0,0.0,0.0
1353,27.3.2024,"46,00",0,0,"46,00","0,00",0.0,0.0,0.0
1354,26.3.2024,"46,00",0,0,"46,00","0,00",0.0,0.0,0.0
1355,25.3.2024,"46,00",0,0,"46,00","0,00",0.0,0.0,0.0
1356,22.3.2024,"46,00",0,0,"46,00","0,00",0.0,0.0,0.0
1357,21.3.2024,"46,00",0,0,"46,00","0,00",0.0,0.0,0.0
1358,20.3.2024,"46,00",0,0,"46,00","0,00",0.0,0.0,0.0
1359,19.3.2024,"46,00",0,0,"46,00","0,00",0.0,0.0,0.0
1360,18.3.2024,"46,00",0,0,"46,00","0,00",0.0,0.0,0.0
1361,15.3.2024,"46,00",0,0,"46,00","0,00",0.0,0.0,0.0
1362,14.3.2024,"46,00",0,0,"46,00","0,00",0.0,0.0,0.0
1363,13.3.2024,"46,00",0,0,"46,00","0,00",0.0,0.0,0.0
1364,12.3.2024,"46,00",0,0,"46,00","0,00",0.0,0.0,0.0
1365,11.3.2024,"46,00",0,0,"46,00","0,00",0.0,0.0,0.0
1366,08.3.2024,"46,00",0,0,"46,00","0,00",0.0,0.0,0.0
1367,07.3.2024,"46,00",0,0,"46,00","0,00",0.0,0.0,0.0
1368,06.3.2024,"46,00",0,0,"46,00","0,00",0.0,0.0,0.0
1369,05.3.2024,"46,00",0,0,"46,00","0,00",0.0,0.0,0.0
1370,04.3.2024,"46,00",0,0,"46,00","0,00",0.0,0.0,0.0
1371,01.3.2024,"46,00",0,0,"46,00","0,00",0.0,0.0,0.0
1372,29.2.2024,"46,00",0,0,"46,00","0,00",0.0,0.0,0.0
1373,28.2.2024,"46,00",0,0,"46,00","0,00",0.0,0.0,0.0
1374,27.2.2024,"46,00",0,0,"46,00","0,00",0.0,0.0,0.0
1375,26.2.2024,"46,00",0,0,"46,00","0,00",0.0,0.0,0.0
1376,23.2.2024,"46,00",0,0,"46,00","0,00",0.0,0.0,0.0
1377,22.2.2024,"46,00",0,0,"46,00","0,00",0.0,0.0,0.0
1378,21.2.2024,"46,00",0,0,"46,00","0,00",0.0,0.0,0.0
1379,20.2.2024,"46,00",0,0,"46,00","0,00",0.0,0.0,0.0
1380,19.2.2024,"46,00",0,0,"46,00","0,00",0.0,0.0,0.0
1381,16.2.2024,"46,00",0,0,"46,00","0,00",0.0,0.0,0.0
1382,15.2.2024,"46,00",0,0,"46,00","0,00",0.0,0.0,0.0
1383,14.2.2024,"46,00",0,0,"46,00","0,00",0.0,0.0,0.0
1384,13.2.2024,"46,00",0,0,"46,00","0,00",0.0,0.0,0.0
1385,12.2.2024,"46,00",0,0,"46,00","0,00",0.0,0.0,0.0
1386,09.2.2024,"46,00",0,0,"46,00","0,00",0.0,0.0,0.0
1387,08.2.2024,"46,00",0,0,"46,00","0,00",0.0,0.0,0.0
1388,07.2.2024,"46,00",0,0,"46,00","0,00",0.0,0.0,0.0
1389,06.2.2024,"46,00",0,0,"46,00","0,00",0.0,0.0,0.0
1390,05.2.2024,"46,00",0,0,"46,00","0,00",0.0,0.0,0.0
1391,02.2.2024,"46,00",0,0,"46,00","0,00",0.0,0.0,0.0
1392,01.2.2024,"46,00",0,0,"46,00","0,00",0.0,0.0,0.0
1393,31.1.2024,"46,00",0,0,"46,00","0,00",0.0,0.0,0.0
1394,30.1.2024,"46,00",0,0,"46,00","0,00",0.0,0.0,0.0
1395,29.1.2024,"46,00",0,0,"46,00","0,00",0.0,0.0,0.0
1396,26.1.2024,"46,00",0,0,"46,00","0,00",0.0,0.0,0.0
1397,25.1.2024,"46,00",0,0,"46,00","0,00",0.0,0.0,0.0
1398,24.1.2024,"46,00",0,0,"46,00","0,00",0.0,0.0,0.0
1399,23.1.2024,"46,00",0,0,"46,00","0,00",0.0,0.0,0.0
1400,22.1.2024,"46,00",0,0,"46,00","0,00",0.0,0.0,0.0
1401,18.1.2024,"46,00",0,0,"46,00","0,00",0.0,0.0,0.0
1402,17.1.2024,"46,00",0,0,"46,00","0,00",0.0,0.0,0.0
1403,16.1.2024,"46,00",0,0,"46,00","0,00",0.0,0.0,0.0
1404,15.1.2024,"46,00",0,0,"46,00","0,00",0.0,0.0,0.0
1405,12.1.2024,"46,00",0,0,"46,00","0,00",0.0,0.0,0.0
1406,11.1.2024,"46,00",0,0,"46,00","0,00",0.0,0.0,0.0
1407,10.1.2024,"46,00",0,0,"46,00","0,00",0.0,0.0,0.0
1408,09.1.2024,"46,00",0,0,"46,00","0,00",0.0,0.0,0.0
1409,05.1.2024,"46,00",0,0,"46,00","0,00",0.0,0.0,0.0
1410,04.1.2024,"46,00",0,0,"46,00","0,00",0.0,0.0,0.0
1411,03.1.2024,"46,00",0,0,"46,00","0,00",0.0,0.0,0.0
1412,02.1.2024,"46,00",0,0,"46,00","0,00",0.0,0.0,0.0
1413,28.12.2023,"46,00",0,0,"46,00","0,00",0.0,0.0,0.0
1414,27.12.2023,"46,00",0,0,"46,00","0,00",0.0,0.0,0.0
1415,26.12.2023,"46,00",0,0,"46,00","0,00",0.0,0.0,0.0
1416,25.12.2023,"46,00",0,0,"46,00","0,00",0.0,0.0,0.0
1417,22.12.2023,"46,00",0,0,"46,00","0,00",0.0,0.0,0.0
1418,21.12.2023,"46,00",0,0,"46,00","0,00",0.0,0.0,0.0
1419,20.12.2023,"46,00",0,0,"46,00","0,00",0.0,0.0,0.0
1420,19.12.2023,"46,00",0,0,"46,00","0,00",0.0,0.0,0.0
1421,18.12.2023,"46,00",0,0,"46,00","0,00",0.0,0.0,0.0
1422,15.12.2023,"46,00",0,0,"46,00","0,00",0.0,0.0,0.0
1423,14.12.2023,"46,00",0,0,"46,00","0,00",0.0,0.0,0.0
1424,13.12.2023,"46,00",0,0,"46,00","0,00",0.0,0.0,0.0
1425,12.12.2023,"46,00",0,0,"46,00","0,00",0.0,0.0,0.0
1426,11.12.2023,"46,00",0,0,"46,00","0,00",0.0,0.0,0.0
1427,07.12.2023,"46,00",0,0,"46,00","0,00",0.0,0.0,0.0
1428,06.12.2023,"46,00",0,0,"46,00","0,00",0.0,0.0,0.0
1429,05.12.2023,"46,00",0,0,"46,00","0,00",0.0,0.0,0.0
1430,04.12.2023,"46,00",0,0,"46,00","0,00",0.0,0.0,0.0
1431,01.12.2023,"46,00",0,0,"46,00","0,00",0.0,0.0,0.0
1432,30.11.2023,"46,00",0,0,"46,00","0,00",0.0,0.0,0.0
1433,29.11.2023,"46,00",0,0,"46,00","0,00",0.0,0.0,0.0
1434,28.11.2023,"46,00",0,0,"46,00","0,00",0.0,0.0,0.0
1435,27.11.2023,"46,00",0,0,"46,00","0,00",0.0,0.0,0.0
1436,24.11.2023,"46,00",0,0,"46,00","0,00",0.0,0.0,0.0
1437,23.11.2023,"46,00",0,0,"46,00","0,00",0.0,0.0,0.0
1438,22.11.2023,"46,00",0,0,"46,00","0,00",0.0,0.0,0.0
1439,21.11.2023,"46,00",0,0,"46,00","0,00",0.0,0.0,0.0
1440,20.11.2023,"46,00",0,0,"46,00","0,00",0.0,0.0,0.0
1441,17.11.2023,"46,00",0,0,"46,00","0,00",0.0,0.0,0.0
1442,16.11.2023,"46,00",0,0,"46,00","0,00",0.0,0.0,0.0
1443,15.11.2023,"46,00",0,0,"46,00","0,00",0.0,0.0,0.0
1444,14.11.2023,"46,00",0,0,"46,00","0,00",0.0,0.0,0.0
1445,13.11.2023,"46,00",0,0,"46,00","0,00",0.0,0.0,0.0
1446,07.11.2024,"16,00",0,0,"16,00","0,00",0.0,0.0,0.0
1447,06.11.2024,"16,00",0,0,"16,00","0,00",0.0,0.0,0.0
1448,05.11.2024,"16,00",0,0,"16,00","0,00",0.0,0.0,0.0
1449,04.11.2024,"16,00",0,0,"16,00","0,00",0.0,0.0,0.0
1450,01.11.2024,"16,00",0,0,"16,00","0,00",0.0,0.0,0.0
1451,31.10.2024,"16,00",0,0,"16,00","0,00",0.0,0.0,0.0
1452,30.10.2024,"16,00",0,0,"16,00","0,00",0.0,0.0,0.0
1453,29.10.2024,"16,00",0,0,"16,00","0,00",0.0,0.0,0.0
1454,28.10.2024,"16,00",0,0,"16,00","0,00",0.0,0.0,0.0
1455,25.10.2024,"16,00",0,0,"16,00","0,00",0.0,0.0,0.0
1456,24.10.2024,"16,00",0,0,"16,00","0,00",0.0,0.0,0.0
1457,22.10.2024,"16,00",0,0,"16,00","0,00",0.0,0.0,0.0
1458,21.10.2024,"16,00",0,0,"16,00","0,00",0.0,0.0,0.0
1459,18.10.2024,"16,00",0,0,"16,00","0,00",0.0,0.0,0.0
1460,17.10.2024,"16,00",0,0,"16,00","0,00",0.0,0.0,0.0
1461,16.10.2024,"16,00",0,0,"16,00","0,00",0.0,0.0,0.0
1462,15.10.2024,"16,00",0,0,"16,00","0,00",0.0,0.0,0.0
1463,14.10.2024,"16,00","16,00","16,00","16,00","0,00",2.7,43.2,43.2
1464,10.10.2024,"16,00",0,0,"16,00","0,00",0.0,0.0,0.0
1465,09.10.2024,"16,00",0,0,"16,00","0,00",0.0,0.0,0.0
1466,08.10.2024,"16,00",0,0,"16,00","0,00",0.0,0.0,0.0
1467,07.10.2024,"16,00",0,0,"16,00","0,00",0.0,0.0,0.0
1468,04.10.2024,"16,00",0,0,"16,00","0,00",0.0,0.0,0.0
1469,03.10.2024,"16,00",0,0,"16,00","0,00",0.0,0.0,0.0
1470,02.10.2024,"16,00","16,00","16,00","16,00","0,00",449.0,7.184,7.184
1471,01.10.2024,"16,00",0,0,"16,00","0,00",0.0,0.0,0.0
1472,30.9.2024,"16,00",0,0,"16,00","0,00",0.0,0.0,0.0
1473,27.9.2024,"16,00",0,0,"16,00","0,00",0.0,0.0,0.0
1474,26.9.2024,"16,00",0,0,"16,00","0,00",0.0,0.0,0.0
1475,25.9.2024,"16,00",0,0,"16,00","0,00",0.0,0.0,0.0
1476,24.9.2024,"16,00","16,00","16,00","16,00","-15,79",349.0,5.584,5.584
1477,23.9.2024,"19,00",0,0,"19,00","0,00",0.0,0.0,0.0
1478,20.9.2024,"19,00",0,0,"19,00","0,00",0.0,0.0,0.0
1479,19.9.2024,"19,00",0,0,"19,00","0,00",0.0,0.0,0.0
1480,18.9.2024,"19,00",0,0,"19,00","0,00",0.0,0.0,0.0
1481,17.9.2024,"19,00",0,0,"19,00","0,00",0.0,0.0,0.0
1482,16.9.2024,"19,00",0,0,"19,00","0,00",0.0,0.0,0.0
1483,13.9.2024,"19,00",0,0,"19,00","0,00",0.0,0.0,0.0
1484,12.9.2024,"19,00",0,0,"19,00","0,00",0.0,0.0,0.0
1485,11.9.2024,"19,00",0,0,"19,00","0,00",0.0,0.0,0.0
1486,10.9.2024,"19,00",0,0,"19,00","0,00",0.0,0.0,0.0
1487,06.9.2024,"19,00",0,0,"19,00","0,00",0.0,0.0,0.0
1488,05.9.2024,"19,00",0,0,"19,00","0,00",0.0,0.0,0.0
1489,04.9.2024,"19,00",0,0,"19,00","0,00",0.0,0.0,0.0
1490,03.9.2024,"19,00",0,0,"19,00","0,00",0.0,0.0,0.0
1491,02.9.2024,"19,00",0,0,"19,00","0,00",0.0,0.0,0.0
1492,30.8.2024,"19,00",0,0,"19,00","0,00",0.0,0.0,0.0
1493,29.8.2024,"19,00",0,0,"19,00","0,00",0.0,0.0,0.0
1494,27.8.2024,"19,00",0,0,"19,00","0,00",0.0,0.0,0.0
1495,26.8.2024,"19,00",0,0,"19,00","0,00",0.0,0.0,0.0
1496,23.8.2024,"19,00",0,0,"19,00","0,00",0.0,0.0,0.0
1497,22.8.2024,"19,00",0,0,"19,00","0,00",0.0,0.0,0.0
1498,21.8.2024,"19,00",0,0,"19,00","0,00",0.0,0.0,0.0
1499,20.8.2024,"19,00",0,0,"19,00","0,00",0.0,0.0,0.0
1500,19.8.2024,"19,00",0,0,"19,00","0,00",0.0,0.0,0.0
1501,16.8.2024,"19,00",0,0,"19,00","0,00",0.0,0.0,0.0
1502,15.8.2024,"19,00",0,0,"19,00","0,00",0.0,0.0,0.0
1503,14.8.2024,"19,00",0,0,"19,00","0,00",0.0,0.0,0.0
1504,13.8.2024,"19,00",0,0,"19,00","0,00",0.0,0.0,0.0
1505,12.8.2024,"19,00",0,0,"19,00","0,00",0.0,0.0,0.0
1506,09.8.2024,"19,00",0,0,"19,00","0,00",0.0,0.0,0.0
1507,08.8.2024,"19,00",0,0,"19,00","0,00",0.0,0.0,0.0
1508,07.8.2024,"19,00",0,0,"19,00","0,00",0.0,0.0,0.0
1509,06.8.2024,"19,00",0,0,"19,00","0,00",0.0,0.0,0.0
1510,05.8.2024,"19,00",0,0,"19,00","0,00",0.0,0.0,0.0
1511,01.8.2024,"19,00","19,00","19,00","19,00","-5,00",120.0,2.28,2.28
1512,31.7.2024,"20,00",0,0,"20,00","0,00",0.0,0.0,0.0
1513,30.7.2024,"20,00",0,0,"20,00","0,00",0.0,0.0,0.0
1514,29.7.2024,"20,00",0,0,"20,00","0,00",0.0,0.0,0.0
1515,26.7.2024,"20,00",0,0,"20,00","0,00",0.0,0.0,0.0
1516,25.7.2024,"20,00",0,0,"20,00","0,00",0.0,0.0,0.0
1517,24.7.2024,"20,00",0,0,"20,00","0,00",0.0,0.0,0.0
1518,23.7.2024,"20,00",0,0,"20,00","0,00",0.0,0.0,0.0
1519,22.7.2024,"20,00",0,0,"20,00","0,00",0.0,0.0,0.0
1520,19.7.2024,"20,00",0,0,"20,00","0,00",0.0,0.0,0.0
1521,18.7.2024,"20,00",0,0,"20,00","0,00",0.0,0.0,0.0
1522,17.7.2024,"20,00",0,0,"20,00","0,00",0.0,0.0,0.0
1523,16.7.2024,"20,00",0,0,"20,00","0,00",0.0,0.0,0.0
1524,15.7.2024,"20,00",0,0,"20,00","0,00",0.0,0.0,0.0
1525,12.7.2024,"20,00",0,0,"20,00","0,00",0.0,0.0,0.0
1526,11.7.2024,"20,00",0,0,"20,00","0,00",0.0,0.0,0.0
1527,10.7.2024,"20,00",0,0,"20,00","0,00",0.0,0.0,0.0
1528,09.7.2024,"20,00",0,0,"20,00","0,00",0.0,0.0,0.0
1529,08.7.2024,"20,00",0,0,"20,00","0,00",0.0,0.0,0.0
1530,05.7.2024,"20,00",0,0,"20,00","0,00",0.0,0.0,0.0
1531,04.7.2024,"20,00",0,0,"20,00","0,00",0.0,0.0,0.0
1532,03.7.2024,"20,00",0,0,"20,00","0,00",0.0,0.0,0.0
1533,02.7.2024,"20,00",0,0,"20,00","0,00",0.0,0.0,0.0
1534,01.7.2024,"20,00",0,0,"20,00","0,00",0.0,0.0,0.0
1535,28.6.2024,"20,00",0,0,"20,00","0,00",0.0,0.0,0.0
1536,27.6.2024,"20,00",0,0,"20,00","0,00",0.0,0.0,0.0
1537,26.6.2024,"20,00",0,0,"20,00","0,00",0.0,0.0,0.0
1538,25.6.2024,"20,00",0,0,"20,00","0,00",0.0,0.0,0.0
1539,24.6.2024,"20,00",0,0,"20,00","0,00",0.0,0.0,0.0
1540,20.6.2024,"20,00",0,0,"20,00","0,00",0.0,0.0,0.0
1541,19.6.2024,"20,00",0,0,"20,00","0,00",0.0,0.0,0.0
1542,18.6.2024,"20,00",0,0,"20,00","0,00",0.0,0.0,0.0
1543,17.6.2024,"20,00",0,0,"20,00","0,00",0.0,0.0,0.0
1544,14.6.2024,"20,00",0,0,"20,00","0,00",0.0,0.0,0.0
1545,13.6.2024,"20,00",0,0,"20,00","0,00",0.0,0.0,0.0
1546,12.6.2024,"20,00",0,0,"20,00","0,00",0.0,0.0,0.0
1547,11.6.2024,"20,00","20,00","20,00","20,00","-56,52",300.0,6.0,6.0
1548,10.6.2024,"46,00",0,0,"46,00","0,00",0.0,0.0,0.0
1549,07.6.2024,"46,00",0,0,"46,00","0,00",0.0,0.0,0.0
1550,06.6.2024,"46,00",0,0,"46,00","0,00",0.0,0.0,0.0
1551,05.6.2024,"46,00",0,0,"46,00","0,00",0.0,0.0,0.0
1552,04.6.2024,"46,00",0,0,"46,00","0,00",0.0,0.0,0.0
1553,03.6.2024,"46,00",0,0,"46,00","0,00",0.0,0.0,0.0
1554,31.5.2024,"46,00",0,0,"46,00","0,00",0.0,0.0,0.0
1555,30.5.2024,"46,00",0,0,"46,00","0,00",0.0,0.0,0.0
1556,29.5.2024,"46,00",0,0,"46,00","0,00",0.0,0.0,0.0
1557,28.5.2024,"46,00",0,0,"46,00","0,00",0.0,0.0,0.0
1558,27.5.2024,"46,00",0,0,"46,00","0,00",0.0,0.0,0.0
1559,23.5.2024,"46,00",0,0,"46,00","0,00",0.0,0.0,0.0
1560,22.5.2024,"46,00",0,0,"46,00","0,00",0.0,0.0,0.0
1561,21.5.2024,"46,00",0,0,"46,00","0,00",0.0,0.0,0.0
1562,20.5.2024,"46,00",0,0,"46,00","0,00",0.0,0.0,0.0
1563,17.5.2024,"46,00",0,0,"46,00","0,00",0.0,0.0,0.0
1564,16.5.2024,"46,00",0,0,"46,00","0,00",0.0,0.0,0.0
1565,15.5.2024,"46,00",0,0,"46,00","0,00",0.0,0.0,0.0
1566,14.5.2024,"46,00",0,0,"46,00","0,00",0.0,0.0,0.0
1567,13.5.2024,"46,00",0,0,"46,00","0,00",0.0,0.0,0.0
1568,10.5.2024,"46,00",0,0,"46,00","0,00",0.0,0.0,0.0
1569,09.5.2024,"46,00",0,0,"46,00","0,00",0.0,0.0,0.0
1570,07.5.2024,"46,00",0,0,"46,00","0,00",0.0,0.0,0.0
1571,02.5.2024,"46,00",0,0,"46,00","0,00",0.0,0.0,0.0
1572,30.4.2024,"46,00",0,0,"46,00","0,00",0.0,0.0,0.0
1573,29.4.2024,"46,00",0,0,"46,00","0,00",0.0,0.0,0.0
1574,26.4.2024,"46,00",0,0,"46,00","0,00",0.0,0.0,0.0
1575,25.4.2024,"46,00",0,0,"46,00","0,00",0.0,0.0,0.0
1576,23.4.2024,"46,00",0,0,"46,00","0,00",0.0,0.0,0.0
1577,22.4.2024,"46,00",0,0,"46,00","0,00",0.0,0.0,0.0
1578,19.4.2024,"46,00",0,0,"46,00","0,00",0.0,0.0,0.0
1579,18.4.2024,"46,00",0,0,"46,00","0,00",0.0,0.0,0.0
1580,17.4.2024,"46,00",0,0,"46,00","0,00",0.0,0.0,0.0
1581,16.4.2024,"46,00",0,0,"46,00","0,00",0.0,0.0,0.0
1582,15.4.2024,"46,00",0,0,"46,00","0,00",0.0,0.0,0.0
1583,12.4.2024,"46,00",0,0,"46,00","0,00",0.0,0.0,0.0
1584,11.4.2024,"46,00",0,0,"46,00","0,00",0.0,0.0,0.0
1585,09.4.2024,"46,00",0,0,"46,00","0,00",0.0,0.0,0.0
1586,08.4.2024,"46,00",0,0,"46,00","0,00",0.0,0.0,0.0
1587,05.4.2024,"46,00",0,0,"46,00","0,00",0.0,0.0,0.0
1588,04.4.2024,"46,00",0,0,"46,00","0,00",0.0,0.0,0.0
1589,03.4.2024,"46,00",0,0,"46,00","0,00",0.0,0.0,0.0
1590,02.4.2024,"46,00",0,0,"46,00","0,00",0.0,0.0,0.0
1591,01.4.2024,"46,00",0,0,"46,00","0,00",0.0,0.0,0.0
1592,29.3.2024,"46,00",0,0,"46,00","0,00",0.0,0.0,0.0
1593,28.3.2024,"46,00",0,0,"46,00","0,00",0.0,0.0,0.0
1594,27.3.2024,"46,00",0,0,"46,00","0,00",0.0,0.0,0.0
1595,26.3.2024,"46,00",0,0,"46,00","0,00",0.0,0.0,0.0
1596,25.3.2024,"46,00",0,0,"46,00","0,00",0.0,0.0,0.0
1597,22.3.2024,"46,00",0,0,"46,00","0,00",0.0,0.0,0.0
1598,21.3.2024,"46,00",0,0,"46,00","0,00",0.0,0.0,0.0
1599,20.3.2024,"46,00",0,0,"46,00","0,00",0.0,0.0,0.0
1600,19.3.2024,"46,00",0,0,"46,00","0,00",0.0,0.0,0.0
1601,18.3.2024,"46,00",0,0,"46,00","0,00",0.0,0.0,0.0
1602,15.3.2024,"46,00",0,0,"46,00","0,00",0.0,0.0,0.0
1603,14.3.2024,"46,00",0,0,"46,00","0,00",0.0,0.0,0.0
1604,13.3.2024,"46,00",0,0,"46,00","0,00",0.0,0.0,0.0
1605,12.3.2024,"46,00",0,0,"46,00","0,00",0.0,0.0,0.0
1606,11.3.2024,"46,00",0,0,"46,00","0,00",0.0,0.0,0.0
1607,08.3.2024,"46,00",0,0,"46,00","0,00",0.0,0.0,0.0
1608,07.3.2024,"46,00",0,0,"46,00","0,00",0.0,0.0,0.0
1609,06.3.2024,"46,00",0,0,"46,00","0,00",0.0,0.0,0.0
1610,05.3.2024,"46,00",0,0,"46,00","0,00",0.0,0.0,0.0
1611,04.3.2024,"46,00",0,0,"46,00","0,00",0.0,0.0,0.0
1612,01.3.2024,"46,00",0,0,"46,00","0,00",0.0,0.0,0.0
1613,29.2.2024,"46,00",0,0,"46,00","0,00",0.0,0.0,0.0
1614,28.2.2024,"46,00",0,0,"46,00","0,00",0.0,0.0,0.0
1615,27.2.2024,"46,00",0,0,"46,00","0,00",0.0,0.0,0.0
1616,26.2.2024,"46,00",0,0,"46,00","0,00",0.0,0.0,0.0
1617,23.2.2024,"46,00",0,0,"46,00","0,00",0.0,0.0,0.0
1618,22.2.2024,"46,00",0,0,"46,00","0,00",0.0,0.0,0.0
1619,21.2.2024,"46,00",0,0,"46,00","0,00",0.0,0.0,0.0
1620,20.2.2024,"46,00",0,0,"46,00","0,00",0.0,0.0,0.0
1621,19.2.2024,"46,00",0,0,"46,00","0,00",0.0,0.0,0.0
1622,16.2.2024,"46,00",0,0,"46,00","0,00",0.0,0.0,0.0
1623,15.2.2024,"46,00",0,0,"46,00","0,00",0.0,0.0,0.0
1624,14.2.2024,"46,00",0,0,"46,00","0,00",0.0,0.0,0.0
1625,13.2.2024,"46,00",0,0,"46,00","0,00",0.0,0.0,0.0
1626,12.2.2024,"46,00",0,0,"46,00","0,00",0.0,0.0,0.0
1627,09.2.2024,"46,00",0,0,"46,00","0,00",0.0,0.0,0.0
1628,08.2.2024,"46,00",0,0,"46,00","0,00",0.0,0.0,0.0
1629,07.2.2024,"46,00",0,0,"46,00","0,00",0.0,0.0,0.0
1630,06.2.2024,"46,00",0,0,"46,00","0,00",0.0,0.0,0.0
1631,05.2.2024,"46,00",0,0,"46,00","0,00",0.0,0.0,0.0
1632,02.2.2024,"46,00",0,0,"46,00","0,00",0.0,0.0,0.0
1633,01.2.2024,"46,00",0,0,"46,00","0,00",0.0,0.0,0.0
1634,31.1.2024,"46,00",0,0,"46,00","0,00",0.0,0.0,0.0
1635,30.1.2024,"46,00",0,0,"46,00","0,00",0.0,0.0,0.0
1636,29.1.2024,"46,00",0,0,"46,00","0,00",0.0,0.0,0.0
1637,26.1.2024,"46,00",0,0,"46,00","0,00",0.0,0.0,0.0
1638,25.1.2024,"46,00",0,0,"46,00","0,00",0.0,0.0,0.0
1639,24.1.2024,"46,00",0,0,"46,00","0,00",0.0,0.0,0.0
1640,23.1.2024,"46,00",0,0,"46,00","0,00",0.0,0.0,0.0
1641,22.1.2024,"46,00",0,0,"46,00","0,00",0.0,0.0,0.0
1642,18.1.2024,"46,00",0,0,"46,00","0,00",0.0,0.0,0.0
1643,17.1.2024,"46,00",0,0,"46,00","0,00",0.0,0.0,0.0
1644,16.1.2024,"46,00",0,0,"46,00","0,00",0.0,0.0,0.0
1645,15.1.2024,"46,00",0,0,"46,00","0,00",0.0,0.0,0.0
1646,12.1.2024,"46,00",0,0,"46,00","0,00",0.0,0.0,0.0
1647,11.1.2024,"46,00",0,0,"46,00","0,00",0.0,0.0,0.0
1648,10.1.2024,"46,00",0,0,"46,00","0,00",0.0,0.0,0.0
1649,09.1.2024,"46,00",0,0,"46,00","0,00",0.0,0.0,0.0
1650,05.1.2024,"46,00",0,0,"46,00","0,00",0.0,0.0,0.0
1651,04.1.2024,"46,00",0,0,"46,00","0,00",0.0,0.0,0.0
1652,03.1.2024,"46,00",0,0,"46,00","0,00",0.0,0.0,0.0
1653,02.1.2024,"46,00",0,0,"46,00","0,00",0.0,0.0,0.0
1654,28.12.2023,"46,00",0,0,"46,00","0,00",0.0,0.0,0.0
1655,27.12.2023,"46,00",0,0,"46,00","0,00",0.0,0.0,0.0
1656,26.12.2023,"46,00",0,0,"46,00","0,00",0.0,0.0,0.0
1657,25.12.2023,"46,00",0,0,"46,00","0,00",0.0,0.0,0.0
1658,22.12.2023,"46,00",0,0,"46,00","0,00",0.0,0.0,0.0
1659,21.12.2023,"46,00",0,0,"46,00","0,00",0.0,0.0,0.0
1660,20.12.2023,"46,00",0,0,"46,00","0,00",0.0,0.0,0.0
1661,19.12.2023,"46,00",0,0,"46,00","0,00",0.0,0.0,0.0
1662,18.12.2023,"46,00",0,0,"46,00","0,00",0.0,0.0,0.0
1663,15.12.2023,"46,00",0,0,"46,00","0,00",0.0,0.0,0.0
1664,14.12.2023,"46,00",0,0,"46,00","0,00",0.0,0.0,0.0
1665,13.12.2023,"46,00",0,0,"46,00","0,00",0.0,0.0,0.0
1666,12.12.2023,"46,00",0,0,"46,00","0,00",0.0,0.0,0.0
1667,11.12.2023,"46,00",0,0,"46,00","0,00",0.0,0.0,0.0
1668,07.12.2023,"46,00",0,0,"46,00","0,00",0.0,0.0,0.0
1669,06.12.2023,"46,00",0,0,"46,00","0,00",0.0,0.0,0.0
1670,05.12.2023,"46,00",0,0,"46,00","0,00",0.0,0.0,0.0
1671,04.12.2023,"46,00",0,0,"46,00","0,00",0.0,0.0,0.0
1672,01.12.2023,"46,00",0,0,"46,00","0,00",0.0,0.0,0.0
1673,30.11.2023,"46,00",0,0,"46,00","0,00",0.0,0.0,0.0
1674,29.11.2023,"46,00",0,0,"46,00","0,00",0.0,0.0,0.0
1675,28.11.2023,"46,00",0,0,"46,00","0,00",0.0,0.0,0.0
1676,27.11.2023,"46,00",0,0,"46,00","0,00",0.0,0.0,0.0
1677,24.11.2023,"46,00",0,0,"46,00","0,00",0.0,0.0,0.0
1678,23.11.2023,"46,00",0,0,"46,00","0,00",0.0,0.0,0.0
1679,22.11.2023,"46,00",0,0,"46,00","0,00",0.0,0.0,0.0
1680,21.11.2023,"46,00",0,0,"46,00","0,00",0.0,0.0,0.0
1681,20.11.2023,"46,00",0,0,"46,00","0,00",0.0,0.0,0.0
1682,17.11.2023,"46,00",0,0,"46,00","0,00",0.0,0.0,0.0
1683,16.11.2023,"46,00",0,0,"46,00","0,00",0.0,0.0,0.0
1684,15.11.2023,"46,00",0,0,"46,00","0,00",0.0,0.0,0.0
1685,14.11.2023,"46,00",0,0,"46,00","0,00",0.0,0.0,0.0
1686,13.11.2023,"46,00",0,0,"46,00","0,00",0.0,0.0,0.0
1687,07.11.2024,"16,00",0,0,"16,00","0,00",0.0,0.0,0.0
1688,06.11.2024,"16,00",0,0,"16,00","0,00",0.0,0.0,0.0
1689,05.11.2024,"16,00",0,0,"16,00","0,00",0.0,0.0,0.0
1690,04.11.2024,"16,00",0,0,"16,00","0,00",0.0,0.0,0.0
1691,01.11.2024,"16,00",0,0,"16,00","0,00",0.0,0.0,0.0
1692,31.10.2024,"16,00",0,0,"16,00","0,00",0.0,0.0,0.0
1693,30.10.2024,"16,00",0,0,"16,00","0,00",0.0,0.0,0.0
1694,29.10.2024,"16,00",0,0,"16,00","0,00",0.0,0.0,0.0
1695,28.10.2024,"16,00",0,0,"16,00","0,00",0.0,0.0,0.0
1696,25.10.2024,"16,00",0,0,"16,00","0,00",0.0,0.0,0.0
1697,24.10.2024,"16,00",0,0,"16,00","0,00",0.0,0.0,0.0
1698,22.10.2024,"16,00",0,0,"16,00","0,00",0.0,0.0,0.0
1699,21.10.2024,"16,00",0,0,"16,00","0,00",0.0,0.0,0.0
1700,18.10.2024,"16,00",0,0,"16,00","0,00",0.0,0.0,0.0
1701,17.10.2024,"16,00",0,0,"16,00","0,00",0.0,0.0,0.0
1702,16.10.2024,"16,00",0,0,"16,00","0,00",0.0,0.0,0.0
1703,15.10.2024,"16,00",0,0,"16,00","0,00",0.0,0.0,0.0
1704,14.10.2024,"16,00","16,00","16,00","16,00","0,00",2.7,43.2,43.2
1705,10.10.2024,"16,00",0,0,"16,00","0,00",0.0,0.0,0.0
1706,09.10.2024,"16,00",0,0,"16,00","0,00",0.0,0.0,0.0
1707,08.10.2024,"16,00",0,0,"16,00","0,00",0.0,0.0,0.0
1708,07.10.2024,"16,00",0,0,"16,00","0,00",0.0,0.0,0.0
1709,04.10.2024,"16,00",0,0,"16,00","0,00",0.0,0.0,0.0
1710,03.10.2024,"16,00",0,0,"16,00","0,00",0.0,0.0,0.0
1711,02.10.2024,"16,00","16,00","16,00","16,00","0,00",449.0,7.184,7.184
1712,01.10.2024,"16,00",0,0,"16,00","0,00",0.0,0.0,0.0
1713,30.9.2024,"16,00",0,0,"16,00","0,00",0.0,0.0,0.0
1714,27.9.2024,"16,00",0,0,"16,00","0,00",0.0,0.0,0.0
1715,26.9.2024,"16,00",0,0,"16,00","0,00",0.0,0.0,0.0
1716,25.9.2024,"16,00",0,0,"16,00","0,00",0.0,0.0,0.0
1717,24.9.2024,"16,00","16,00","16,00","16,00","-15,79",349.0,5.584,5.584
1718,23.9.2024,"19,00",0,0,"19,00","0,00",0.0,0.0,0.0
1719,20.9.2024,"19,00",0,0,"19,00","0,00",0.0,0.0,0.0
1720,19.9.2024,"19,00",0,0,"19,00","0,00",0.0,0.0,0.0
1721,18.9.2024,"19,00",0,0,"19,00","0,00",0.0,0.0,0.0
1722,17.9.2024,"19,00",0,0,"19,00","0,00",0.0,0.0,0.0
1723,16.9.2024,"19,00",0,0,"19,00","0,00",0.0,0.0,0.0
1724,13.9.2024,"19,00",0,0,"19,00","0,00",0.0,0.0,0.0
1725,12.9.2024,"19,00",0,0,"19,00","0,00",0.0,0.0,0.0
1726,11.9.2024,"19,00",0,0,"19,00","0,00",0.0,0.0,0.0
1727,10.9.2024,"19,00",0,0,"19,00","0,00",0.0,0.0,0.0
1728,06.9.2024,"19,00",0,0,"19,00","0,00",0.0,0.0,0.0
1729,05.9.2024,"19,00",0,0,"19,00","0,00",0.0,0.0,0.0
1730,04.9.2024,"19,00",0,0,"19,00","0,00",0.0,0.0,0.0
1731,03.9.2024,"19,00",0,0,"19,00","0,00",0.0,0.0,0.0
1732,02.9.2024,"19,00",0,0,"19,00","0,00",0.0,0.0,0.0
1733,30.8.2024,"19,00",0,0,"19,00","0,00",0.0,0.0,0.0
1734,29.8.2024,"19,00",0,0,"19,00","0,00",0.0,0.0,0.0
1735,27.8.2024,"19,00",0,0,"19,00","0,00",0.0,0.0,0.0
1736,26.8.2024,"19,00",0,0,"19,00","0,00",0.0,0.0,0.0
1737,23.8.2024,"19,00",0,0,"19,00","0,00",0.0,0.0,0.0
1738,22.8.2024,"19,00",0,0,"19,00","0,00",0.0,0.0,0.0
1739,21.8.2024,"19,00",0,0,"19,00","0,00",0.0,0.0,0.0
1740,20.8.2024,"19,00",0,0,"19,00","0,00",0.0,0.0,0.0
1741,19.8.2024,"19,00",0,0,"19,00","0,00",0.0,0.0,0.0
1742,16.8.2024,"19,00",0,0,"19,00","0,00",0.0,0.0,0.0
1743,15.8.2024,"19,00",0,0,"19,00","0,00",0.0,0.0,0.0
1744,14.8.2024,"19,00",0,0,"19,00","0,00",0.0,0.0,0.0
1745,13.8.2024,"19,00",0,0,"19,00","0,00",0.0,0.0,0.0
1746,12.8.2024,"19,00",0,0,"19,00","0,00",0.0,0.0,0.0
1747,09.8.2024,"19,00",0,0,"19,00","0,00",0.0,0.0,0.0
1748,08.8.2024,"19,00",0,0,"19,00","0,00",0.0,0.0,0.0
1749,07.8.2024,"19,00",0,0,"19,00","0,00",0.0,0.0,0.0
1750,06.8.2024,"19,00",0,0,"19,00","0,00",0.0,0.0,0.0
1751,05.8.2024,"19,00",0,0,"19,00","0,00",0.0,0.0,0.0
1752,01.8.2024,"19,00","19,00","19,00","19,00","-5,00",120.0,2.28,2.28
1753,31.7.2024,"20,00",0,0,"20,00","0,00",0.0,0.0,0.0
1754,30.7.2024,"20,00",0,0,"20,00","0,00",0.0,0.0,0.0
1755,29.7.2024,"20,00",0,0,"20,00","0,00",0.0,0.0,0.0
1756,26.7.2024,"20,00",0,0,"20,00","0,00",0.0,0.0,0.0
1757,25.7.2024,"20,00",0,0,"20,00","0,00",0.0,0.0,0.0
1758,24.7.2024,"20,00",0,0,"20,00","0,00",0.0,0.0,0.0
1759,23.7.2024,"20,00",0,0,"20,00","0,00",0.0,0.0,0.0
1760,22.7.2024,"20,00",0,0,"20,00","0,00",0.0,0.0,0.0
1761,19.7.2024,"20,00",0,0,"20,00","0,00",0.0,0.0,0.0
1762,18.7.2024,"20,00",0,0,"20,00","0,00",0.0,0.0,0.0
1763,17.7.2024,"20,00",0,0,"20,00","0,00",0.0,0.0,0.0
1764,16.7.2024,"20,00",0,0,"20,00","0,00",0.0,0.0,0.0
1765,15.7.2024,"20,00",0,0,"20,00","0,00",0.0,0.0,0.0
1766,12.7.2024,"20,00",0,0,"20,00","0,00",0.0,0.0,0.0
1767,11.7.2024,"20,00",0,0,"20,00","0,00",0.0,0.0,0.0
1768,10.7.2024,"20,00",0,0,"20,00","0,00",0.0,0.0,0.0
1769,09.7.2024,"20,00",0,0,"20,00","0,00",0.0,0.0,0.0
1770,08.7.2024,"20,00",0,0,"20,00","0,00",0.0,0.0,0.0
1771,05.7.2024,"20,00",0,0,"20,00","0,00",0.0,0.0,0.0
1772,04.7.2024,"20,00",0,0,"20,00","0,00",0.0,0.0,0.0
1773,03.7.2024,"20,00",0,0,"20,00","0,00",0.0,0.0,0.0
1774,02.7.2024,"20,00",0,0,"20,00","0,00",0.0,0.0,0.0
1775,01.7.2024,"20,00",0,0,"20,00","0,00",0.0,0.0,0.0
1776,28.6.2024,"20,00",0,0,"20,00","0,00",0.0,0.0,0.0
1777,27.6.2024,"20,00",0,0,"20,00","0,00",0.0,0.0,0.0
1778,26.6.2024,"20,00",0,0,"20,00","0,00",0.0,0.0,0.0
1779,25.6.2024,"20,00",0,0,"20,00","0,00",0.0,0.0,0.0
1780,24.6.2024,"20,00",0,0,"20,00","0,00",0.0,0.0,0.0
1781,20.6.2024,"20,00",0,0,"20,00","0,00",0.0,0.0,0.0
1782,19.6.2024,"20,00",0,0,"20,00","0,00",0.0,0.0,0.0
1783,18.6.2024,"20,00",0,0,"20,00","0,00",0.0,0.0,0.0
1784,17.6.2024,"20,00",0,0,"20,00","0,00",0.0,0.0,0.0
1785,14.6.2024,"20,00",0,0,"20,00","0,00",0.0,0.0,0.0
1786,13.6.2024,"20,00",0,0,"20,00","0,00",0.0,0.0,0.0
1787,12.6.2024,"20,00",0,0,"20,00","0,00",0.0,0.0,0.0
1788,11.6.2024,"20,00","20,00","20,00","20,00","-56,52",300.0,6.0,6.0
1789,10.6.2024,"46,00",0,0,"46,00","0,00",0.0,0.0,0.0
1790,07.6.2024,"46,00",0,0,"46,00","0,00",0.0,0.0,0.0
1791,06.6.2024,"46,00",0,0,"46,00","0,00",0.0,0.0,0.0
1792,05.6.2024,"46,00",0,0,"46,00","0,00",0.0,0.0,0.0
1793,04.6.2024,"46,00",0,0,"46,00","0,00",0.0,0.0,0.0
1794,03.6.2024,"46,00",0,0,"46,00","0,00",0.0,0.0,0.0
1795,31.5.2024,"46,00",0,0,"46,00","0,00",0.0,0.0,0.0
1796,30.5.2024,"46,00",0,0,"46,00","0,00",0.0,0.0,0.0
1797,29.5.2024,"46,00",0,0,"46,00","0,00",0.0,0.0,0.0
1798,28.5.2024,"46,00",0,0,"46,00","0,00",0.0,0.0,0.0
1799,27.5.2024,"46,00",0,0,"46,00","0,00",0.0,0.0,0.0
1800,23.5.2024,"46,00",0,0,"46,00","0,00",0.0,0.0,0.0
1801,22.5.2024,"46,00",0,0,"46,00","0,00",0.0,0.0,0.0
1802,21.5.2024,"46,00",0,0,"46,00","0,00",0.0,0.0,0.0
1803,20.5.2024,"46,00",0,0,"46,00","0,00",0.0,0.0,0.0
1804,17.5.2024,"46,00",0,0,"46,00","0,00",0.0,0.0,0.0
1805,16.5.2024,"46,00",0,0,"46,00","0,00",0.0,0.0,0.0
1806,15.5.2024,"46,00",0,0,"46,00","0,00",0.0,0.0,0.0
1807,14.5.2024,"46,00",0,0,"46,00","0,00",0.0,0.0,0.0
1808,13.5.2024,"46,00",0,0,"46,00","0,00",0.0,0.0,0.0
1809,10.5.2024,"46,00",0,0,"46,00","0,00",0.0,0.0,0.0
1810,09.5.2024,"46,00",0,0,"46,00","0,00",0.0,0.0,0.0
1811,07.5.2024,"46,00",0,0,"46,00","0,00",0.0,0.0,0.0
1812,02.5.2024,"46,00",0,0,"46,00","0,00",0.0,0.0,0.0
1813,30.4.2024,"46,00",0,0,"46,00","0,00",0.0,0.0,0.0
1814,29.4.2024,"46,00",0,0,"46,00","0,00",0.0,0.0,0.0
1815,26.4.2024,"46,00",0,0,"46,00","0,00",0.0,0.0,0.0
1816,25.4.2024,"46,00",0,0,"46,00","0,00",0.0,0.0,0.0
1817,23.4.2024,"46,00",0,0,"46,00","0,00",0.0,0.0,0.0
1818,22.4.2024,"46,00",0,0,"46,00","0,00",0.0,0.0,0.0
1819,19.4.2024,"46,00",0,0,"46,00","0,00",0.0,0.0,0.0
1820,18.4.2024,"46,00",0,0,"46,00","0,00",0.0,0.0,0.0
1821,17.4.2024,"46,00",0,0,"46,00","0,00",0.0,0.0,0.0
1822,16.4.2024,"46,00",0,0,"46,00","0,00",0.0,0.0,0.0
1823,15.4.2024,"46,00",0,0,"46,00","0,00",0.0,0.0,0.0
1824,12.4.2024,"46,00",0,0,"46,00","0,00",0.0,0.0,0.0
1825,11.4.2024,"46,00",0,0,"46,00","0,00",0.0,0.0,0.0
1826,09.4.2024,"46,00",0,0,"46,00","0,00",0.0,0.0,0.0
1827,08.4.2024,"46,00",0,0,"46,00","0,00",0.0,0.0,0.0
1828,05.4.2024,"46,00",0,0,"46,00","0,00",0.0,0.0,0.0
1829,04.4.2024,"46,00",0,0,"46,00","0,00",0.0,0.0,0.0
1830,03.4.2024,"46,00",0,0,"46,00","0,00",0.0,0.0,0.0
1831,02.4.2024,"46,00",0,0,"46,00","0,00",0.0,0.0,0.0
1832,01.4.2024,"46,00",0,0,"46,00","0,00",0.0,0.0,0.0
1833,29.3.2024,"46,00",0,0,"46,00","0,00",0.0,0.0,0.0
1834,28.3.2024,"46,00",0,0,"46,00","0,00",0.0,0.0,0.0
1835,27.3.2024,"46,00",0,0,"46,00","0,00",0.0,0.0,0.0
1836,26.3.2024,"46,00",0,0,"46,00","0,00",0.0,0.0,0.0
1837,25.3.2024,"46,00",0,0,"46,00","0,00",0.0,0.0,0.0
1838,22.3.2024,"46,00",0,0,"46,00","0,00",0.0,0.0,0.0
1839,21.3.2024,"46,00",0,0,"46,00","0,00",0.0,0.0,0.0
1840,20.3.2024,"46,00",0,0,"46,00","0,00",0.0,0.0,0.0
1841,19.3.2024,"46,00",0,0,"46,00","0,00",0.0,0.0,0.0
1842,18.3.2024,"46,00",0,0,"46,00","0,00",0.0,0.0,0.0
1843,15.3.2024,"46,00",0,0,"46,00","0,00",0.0,0.0,0.0
1844,14.3.2024,"46,00",0,0,"46,00","0,00",0.0,0.0,0.0
1845,13.3.2024,"46,00",0,0,"46,00","0,00",0.0,0.0,0.0
1846,12.3.2024,"46,00",0,0,"46,00","0,00",0.0,0.0,0.0
1847,11.3.2024,"46,00",0,0,"46,00","0,00",0.0,0.0,0.0
1848,08.3.2024,"46,00",0,0,"46,00","0,00",0.0,0.0,0.0
1849,07.3.2024,"46,00",0,0,"46,00","0,00",0.0,0.0,0.0
1850,06.3.2024,"46,00",0,0,"46,00","0,00",0.0,0.0,0.0
1851,05.3.2024,"46,00",0,0,"46,00","0,00",0.0,0.0,0.0
1852,04.3.2024,"46,00",0,0,"46,00","0,00",0.0,0.0,0.0
1853,01.3.2024,"46,00",0,0,"46,00","0,00",0.0,0.0,0.0
1854,29.2.2024,"46,00",0,0,"46,00","0,00",0.0,0.0,0.0
1855,28.2.2024,"46,00",0,0,"46,00","0,00",0.0,0.0,0.0
1856,27.2.2024,"46,00",0,0,"46,00","0,00",0.0,0.0,0.0
1857,26.2.2024,"46,00",0,0,"46,00","0,00",0.0,0.0,0.0
1858,23.2.2024,"46,00",0,0,"46,00","0,00",0.0,0.0,0.0
1859,22.2.2024,"46,00",0,0,"46,00","0,00",0.0,0.0,0.0
1860,21.2.2024,"46,00",0,0,"46,00","0,00",0.0,0.0,0.0
1861,20.2.2024,"46,00",0,0,"46,00","0,00",0.0,0.0,0.0
1862,19.2.2024,"46,00",0,0,"46,00","0,00",0.0,0.0,0.0
1863,16.2.2024,"46,00",0,0,"46,00","0,00",0.0,0.0,0.0
1864,15.2.2024,"46,00",0,0,"46,00","0,00",0.0,0.0,0.0
1865,14.2.2024,"46,00",0,0,"46,00","0,00",0.0,0.0,0.0
1866,13.2.2024,"46,00",0,0,"46,00","0,00",0.0,0.0,0.0
1867,12.2.2024,"46,00",0,0,"46,00","0,00",0.0,0.0,0.0
1868,09.2.2024,"46,00",0,0,"46,00","0,00",0.0,0.0,0.0
1869,08.2.2024,"46,00",0,0,"46,00","0,00",0.0,0.0,0.0
1870,07.2.2024,"46,00",0,0,"46,00","0,00",0.0,0.0,0.0
1871,06.2.2024,"46,00",0,0,"46,00","0,00",0.0,0.0,0.0
1872,05.2.2024,"46,00",0,0,"46,00","0,00",0.0,0.0,0.0
1873,02.2.2024,"46,00",0,0,"46,00","0,00",0.0,0.0,0.0
1874,01.2.2024,"46,00",0,0,"46,00","0,00",0.0,0.0,0.0
1875,31.1.2024,"46,00",0,0,"46,00","0,00",0.0,0.0,0.0
1876,30.1.2024,"46,00",0,0,"46,00","0,00",0.0,0.0,0.0
1877,29.1.2024,"46,00",0,0,"46,00","0,00",0.0,0.0,0.0
1878,26.1.2024,"46,00",0,0,"46,00","0,00",0.0,0.0,0.0
1879,25.1.2024,"46,00",0,0,"46,00","0,00",0.0,0.0,0.0
1880,24.1.2024,"46,00",0,0,"46,00","0,00",0.0,0.0,0.0
1881,23.1.2024,"46,00",0,0,"46,00","0,00",0.0,0.0,0.0
1882,22.1.2024,"46,00",0,0,"46,00","0,00",0.0,0.0,0.0
1883,18.1.2024,"46,00",0,0,"46,00","0,00",0.0,0.0,0.0
1884,17.1.2024,"46,00",0,0,"46,00","0,00",0.0,0.0,0.0
1885,16.1.2024,"46,00",0,0,"46,00","0,00",0.0,0.0,0.0
1886,15.1.2024,"46,00",0,0,"46,00","0,00",0.0,0.0,0.0
1887,12.1.2024,"46,00",0,0,"46,00","0,00",0.0,0.0,0.0
1888,11.1.2024,"46,00",0,0,"46,00","0,00",0.0,0.0,0.0
1889,10.1.2024,"46,00",0,0,"46,00","0,00",0.0,0.0,0.0
1890,09.1.2024,"46,00",0,0,"46,00","0,00",0.0,0.0,0.0
1891,05.1.2024,"46,00",0,0,"46,00","0,00",0.0,0.0,0.0
1892,04.1.2024,"46,00",0,0,"46,00","0,00",0.0,0.0,0.0
1893,03.1.2024,"46,00",0,0,"46,00","0,00",0.0,0.0,0.0
1894,02.1.2024,"46,00",0,0,"46,00","0,00",0.0,0.0,0.0
1895,28.12.2023,"46,00",0,0,"46,00","0,00",0.0,0.0,0.0
1896,27.12.2023,"46,00",0,0,"46,00","0,00",0.0,0.0,0.0
1897,26.12.2023,"46,00",0,0,"46,00","0,00",0.0,0.0,0.0
1898,25.12.2023,"46,00",0,0,"46,00","0,00",0.0,0.0,0.0
1899,22.12.2023,"46,00",0,0,"46,00","0,00",0.0,0.0,0.0
1900,21.12.2023,"46,00",0,0,"46,00","0,00",0.0,0.0,0.0
1901,20.12.2023,"46,00",0,0,"46,00","0,00",0.0,0.0,0.0
1902,19.12.2023,"46,00",0,0,"46,00","0,00",0.0,0.0,0.0
1903,18.12.2023,"46,00",0,0,"46,00","0,00",0.0,0.0,0.0
1904,15.12.2023,"46,00",0,0,"46,00","0,00",0.0,0.0,0.0
1905,14.12.2023,"46,00",0,0,"46,00","0,00",0.0,0.0,0.0
1906,13.12.2023,"46,00",0,0,"46,00","0,00",0.0,0.0,0.0
1907,12.12.2023,"46,00",0,0,"46,00","0,00",0.0,0.0,0.0
1908,11.12.2023,"46,00",0,0,"46,00","0,00",0.0,0.0,0.0
1909,07.12.2023,"46,00",0,0,"46,00","0,00",0.0,0.0,0.0
1910,06.12.2023,"46,00",0,0,"46,00","0,00",0.0,0.0,0.0
1911,05.12.2023,"46,00",0,0,"46,00","0,00",0.0,0.0,0.0
1912,04.12.2023,"46,00",0,0,"46,00","0,00",0.0,0.0,0.0
1913,01.12.2023,"46,00",0,0,"46,00","0,00",0.0,0.0,0.0
1914,30.11.2023,"46,00",0,0,"46,00","0,00",0.0,0.0,0.0
1915,29.11.2023,"46,00",0,0,"46,00","0,00",0.0,0.0,0.0
1916,28.11.2023,"46,00",0,0,"46,00","0,00",0.0,0.0,0.0
1917,27.11.2023,"46,00",0,0,"46,00","0,00",0.0,0.0,0.0
1918,24.11.2023,"46,00",0,0,"46,00","0,00",0.0,0.0,0.0
1919,23.11.2023,"46,00",0,0,"46,00","0,00",0.0,0.0,0.0
1920,22.11.2023,"46,00",0,0,"46,00","0,00",0.0,0.0,0.0
1921,21.11.2023,"46,00",0,0,"46,00","0,00",0.0,0.0,0.0
1922,20.11.2023,"46,00",0,0,"46,00","0,00",0.0,0.0,0.0
1923,17.11.2023,"46,00",0,0,"46,00","0,00",0.0,0.0,0.0
1924,16.11.2023,"46,00",0,0,"46,00","0,00",0.0,0.0,0.0
1925,15.11.2023,"46,00",0,0,"46,00","0,00",0.0,0.0,0.0
1926,14.11.2023,"46,00",0,0,"46,00","0,00",0.0,0.0,0.0
1927,13.11.2023,"46,00",0,0,"46,00","0,00",0.0,0.0,0.0
1928,07.11.2024,"16,00",0,0,"16,00","0,00",0.0,0.0,0.0
1929,06.11.2024,"16,00",0,0,"16,00","0,00",0.0,0.0,0.0
1930,05.11.2024,"16,00",0,0,"16,00","0,00",0.0,0.0,0.0
1931,04.11.2024,"16,00",0,0,"16,00","0,00",0.0,0.0,0.0
1932,01.11.2024,"16,00",0,0,"16,00","0,00",0.0,0.0,0.0
1933,31.10.2024,"16,00",0,0,"16,00","0,00",0.0,0.0,0.0
1934,30.10.2024,"16,00",0,0,"16,00","0,00",0.0,0.0,0.0
1935,29.10.2024,"16,00",0,0,"16,00","0,00",0.0,0.0,0.0
1936,28.10.2024,"16,00",0,0,"16,00","0,00",0.0,0.0,0.0
1937,25.10.2024,"16,00",0,0,"16,00","0,00",0.0,0.0,0.0
1938,24.10.2024,"16,00",0,0,"16,00","0,00",0.0,0.0,0.0
1939,22.10.2024,"16,00",0,0,"16,00","0,00",0.0,0.0,0.0
1940,21.10.2024,"16,00",0,0,"16,00","0,00",0.0,0.0,0.0
1941,18.10.2024,"16,00",0,0,"16,00","0,00",0.0,0.0,0.0
1942,17.10.2024,"16,00",0,0,"16,00","0,00",0.0,0.0,0.0
1943,16.10.2024,"16,00",0,0,"16,00","0,00",0.0,0.0,0.0
1944,15.10.2024,"16,00",0,0,"16,00","0,00",0.0,0.0,0.0
1945,14.10.2024,"16,00","16,00","16,00","16,00","0,00",2.7,43.2,43.2
1946,10.10.2024,"16,00",0,0,"16,00","0,00",0.0,0.0,0.0
1947,09.10.2024,"16,00",0,0,"16,00","0,00",0.0,0.0,0.0
1948,08.10.2024,"16,00",0,0,"16,00","0,00",0.0,0.0,0.0
1949,07.10.2024,"16,00",0,0,"16,00","0,00",0.0,0.0,0.0
1950,04.10.2024,"16,00",0,0,"16,00","0,00",0.0,0.0,0.0
1951,03.10.2024,"16,00",0,0,"16,00","0,00",0.0,0.0,0.0
1952,02.10.2024,"16,00","16,00","16,00","16,00","0,00",449.0,7.184,7.184
1953,01.10.2024,"16,00",0,0,"16,00","0,00",0.0,0.0,0.0
1954,30.9.2024,"16,00",0,0,"16,00","0,00",0.0,0.0,0.0
1955,27.9.2024,"16,00",0,0,"16,00","0,00",0.0,0.0,0.0
1956,26.9.2024,"16,00",0,0,"16,00","0,00",0.0,0.0,0.0
1957,25.9.2024,"16,00",0,0,"16,00","0,00",0.0,0.0,0.0
1958,24.9.2024,"16,00","16,00","16,00","16,00","-15,79",349.0,5.584,5.584
1959,23.9.2024,"19,00",0,0,"19,00","0,00",0.0,0.0,0.0
1960,20.9.2024,"19,00",0,0,"19,00","0,00",0.0,0.0,0.0
1961,19.9.2024,"19,00",0,0,"19,00","0,00",0.0,0.0,0.0
1962,18.9.2024,"19,00",0,0,"19,00","0,00",0.0,0.0,0.0
1963,17.9.2024,"19,00",0,0,"19,00","0,00",0.0,0.0,0.0
1964,16.9.2024,"19,00",0,0,"19,00","0,00",0.0,0.0,0.0
1965,13.9.2024,"19,00",0,0,"19,00","0,00",0.0,0.0,0.0
1966,12.9.2024,"19,00",0,0,"19,00","0,00",0.0,0.0,0.0
1967,11.9.2024,"19,00",0,0,"19,00","0,00",0.0,0.0,0.0
1968,10.9.2024,"19,00",0,0,"19,00","0,00",0.0,0.0,0.0
1969,06.9.2024,"19,00",0,0,"19,00","0,00",0.0,0.0,0.0
1970,05.9.2024,"19,00",0,0,"19,00","0,00",0.0,0.0,0.0
1971,04.9.2024,"19,00",0,0,"19,00","0,00",0.0,0.0,0.0
1972,03.9.2024,"19,00",0,0,"19,00","0,00",0.0,0.0,0.0
1973,02.9.2024,"19,00",0,0,"19,00","0,00",0.0,0.0,0.0
1974,30.8.2024,"19,00",0,0,"19,00","0,00",0.0,0.0,0.0
1975,29.8.2024,"19,00",0,0,"19,00","0,00",0.0,0.0,0.0
1976,27.8.2024,"19,00",0,0,"19,00","0,00",0.0,0.0,0.0
1977,26.8.2024,"19,00",0,0,"19,00","0,00",0.0,0.0,0.0
1978,23.8.2024,"19,00",0,0,"19,00","0,00",0.0,0.0,0.0
1979,22.8.2024,"19,00",0,0,"19,00","0,00",0.0,0.0,0.0
1980,21.8.2024,"19,00",0,0,"19,00","0,00",0.0,0.0,0.0
1981,20.8.2024,"19,00",0,0,"19,00","0,00",0.0,0.0,0.0
1982,19.8.2024,"19,00",0,0,"19,00","0,00",0.0,0.0,0.0
1983,16.8.2024,"19,00",0,0,"19,00","0,00",0.0,0.0,0.0
1984,15.8.2024,"19,00",0,0,"19,00","0,00",0.0,0.0,0.0
1985,14.8.2024,"19,00",0,0,"19,00","0,00",0.0,0.0,0.0
1986,13.8.2024,"19,00",0,0,"19,00","0,00",0.0,0.0,0.0
1987,12.8.2024,"19,00",0,0,"19,00","0,00",0.0,0.0,0.0
1988,09.8.2024,"19,00",0,0,"19,00","0,00",0.0,0.0,0.0
1989,08.8.2024,"19,00",0,0,"19,00","0,00",0.0,0.0,0.0
1990,07.8.2024,"19,00",0,0,"19,00","0,00",0.0,0.0,0.0
1991,06.8.2024,"19,00",0,0,"19,00","0,00",0.0,0.0,0.0
1992,05.8.2024,"19,00",0,0,"19,00","0,00",0.0,0.0,0.0
1993,01.8.2024,"19,00","19,00","19,00","19,00","-5,00",120.0,2.28,2.28
1994,31.7.2024,"20,00",0,0,"20,00","0,00",0.0,0.0,0.0
1995,30.7.2024,"20,00",0,0,"20,00","0,00",0.0,0.0,0.0
1996,29.7.2024,"20,00",0,0,"20,00","0,00",0.0,0.0,0.0
1997,26.7.2024,"20,00",0,0,"20,00","0,00",0.0,0.0,0.0
1998,25.7.2024,"20,00",0,0,"20,00","0,00",0.0,0.0,0.0
1999,24.7.2024,"20,00",0,0,"20,00","0,00",0.0,0.0,0.0
2000,23.7.2024,"20,00",0,0,"20,00","0,00",0.0,0.0,0.0
2001,22.7.2024,"20,00",0,0,"20,00","0,00",0.0,0.0,0.0
2002,19.7.2024,"20,00",0,0,"20,00","0,00",0.0,0.0,0.0
2003,18.7.2024,"20,00",0,0,"20,00","0,00",0.0,0.0,0.0
2004,17.7.2024,"20,00",0,0,"20,00","0,00",0.0,0.0,0.0
2005,16.7.2024,"20,00",0,0,"20,00","0,00",0.0,0.0,0.0
2006,15.7.2024,"20,00",0,0,"20,00","0,00",0.0,0.0,0.0
2007,12.7.2024,"20,00",0,0,"20,00","0,00",0.0,0.0,0.0
2008,11.7.2024,"20,00",0,0,"20,00","0,00",0.0,0.0,0.0
2009,10.7.2024,"20,00",0,0,"20,00","0,00",0.0,0.0,0.0
2010,09.7.2024,"20,00",0,0,"20,00","0,00",0.0,0.0,0.0
2011,08.7.2024,"20,00",0,0,"20,00","0,00",0.0,0.0,0.0
2012,05.7.2024,"20,00",0,0,"20,00","0,00",0.0,0.0,0.0
2013,04.7.2024,"20,00",0,0,"20,00","0,00",0.0,0.0,0.0
2014,03.7.2024,"20,00",0,0,"20,00","0,00",0.0,0.0,0.0
2015,02.7.2024,"20,00",0,0,"20,00","0,00",0.0,0.0,0.0
2016,01.7.2024,"20,00",0,0,"20,00","0,00",0.0,0.0,0.0
2017,28.6.2024,"20,00",0,0,"20,00","0,00",0.0,0.0,0.0
2018,27.6.2024,"20,00",0,0,"20,00","0,00",0.0,0.0,0.0
2019,26.6.2024,"20,00",0,0,"20,00","0,00",0.0,0.0,0.0
2020,25.6.2024,"20,00",0,0,"20,00","0,00",0.0,0.0,0.0
2021,24.6.2024,"20,00",0,0,"20,00","0,00",0.0,0.0,0.0
2022,20.6.2024,"20,00",0,0,"20,00","0,00",0.0,0.0,0.0
2023,19.6.2024,"20,00",0,0,"20,00","0,00",0.0,0.0,0.0
2024,18.6.2024,"20,00",0,0,"20,00","0,00",0.0,0.0,0.0
2025,17.6.2024,"20,00",0,0,"20,00","0,00",0.0,0.0,0.0
2026,14.6.2024,"20,00",0,0,"20,00","0,00",0.0,0.0,0.0
2027,13.6.2024,"20,00",0,0,"20,00","0,00",0.0,0.0,0.0
2028,12.6.2024,"20,00",0,0,"20,00","0,00",0.0,0.0,0.0
2029,11.6.2024,"20,00","20,00","20,00","20,00","-56,52",300.0,6.0,6.0
2030,10.6.2024,"46,00",0,0,"46,00","0,00",0.0,0.0,0.0
2031,07.6.2024,"46,00",0,0,"46,00","0,00",0.0,0.0,0.0
2032,06.6.2024,"46,00",0,0,"46,00","0,00",0.0,0.0,0.0
2033,05.6.2024,"46,00",0,0,"46,00","0,00",0.0,0.0,0.0
2034,04.6.2024,"46,00",0,0,"46,00","0,00",0.0,0.0,0.0
2035,03.6.2024,"46,00",0,0,"46,00","0,00",0.0,0.0,0.0
2036,31.5.2024,"46,00",0,0,"46,00","0,00",0.0,0.0,0.0
2037,30.5.2024,"46,00",0,0,"46,00","0,00",0.0,0.0,0.0
2038,29.5.2024,"46,00",0,0,"46,00","0,00",0.0,0.0,0.0
2039,28.5.2024,"46,00",0,0,"46,00","0,00",0.0,0.0,0.0
2040,27.5.2024,"46,00",0,0,"46,00","0,00",0.0,0.0,0.0
2041,23.5.2024,"46,00",0,0,"46,00","0,00",0.0,0.0,0.0
2042,22.5.2024,"46,00",0,0,"46,00","0,00",0.0,0.0,0.0
2043,21.5.2024,"46,00",0,0,"46,00","0,00",0.0,0.0,0.0
2044,20.5.2024,"46,00",0,0,"46,00","0,00",0.0,0.0,0.0
2045,17.5.2024,"46,00",0,0,"46,00","0,00",0.0,0.0,0.0
2046,16.5.2024,"46,00",0,0,"46,00","0,00",0.0,0.0,0.0
2047,15.5.2024,"46,00",0,0,"46,00","0,00",0.0,0.0,0.0
2048,14.5.2024,"46,00",0,0,"46,00","0,00",0.0,0.0,0.0
2049,13.5.2024,"46,00",0,0,"46,00","0,00",0.0,0.0,0.0
2050,10.5.2024,"46,00",0,0,"46,00","0,00",0.0,0.0,0.0
2051,09.5.2024,"46,00",0,0,"46,00","0,00",0.0,0.0,0.0
2052,07.5.2024,"46,00",0,0,"46,00","0,00",0.0,0.0,0.0
2053,02.5.2024,"46,00",0,0,"46,00","0,00",0.0,0.0,0.0
2054,30.4.2024,"46,00",0,0,"46,00","0,00",0.0,0.0,0.0
2055,29.4.2024,"46,00",0,0,"46,00","0,00",0.0,0.0,0.0
2056,26.4.2024,"46,00",0,0,"46,00","0,00",0.0,0.0,0.0
2057,25.4.2024,"46,00",0,0,"46,00","0,00",0.0,0.0,0.0
2058,23.4.2024,"46,00",0,0,"46,00","0,00",0.0,0.0,0.0
2059,22.4.2024,"46,00",0,0,"46,00","0,00",0.0,0.0,0.0
2060,19.4.2024,"46,00",0,0,"46,00","0,00",0.0,0.0,0.0
2061,18.4.2024,"46,00",0,0,"46,00","0,00",0.0,0.0,0.0
2062,17.4.2024,"46,00",0,0,"46,00","0,00",0.0,0.0,0.0
2063,16.4.2024,"46,00",0,0,"46,00","0,00",0.0,0.0,0.0
2064,15.4.2024,"46,00",0,0,"46,00","0,00",0.0,0.0,0.0
2065,12.4.2024,"46,00",0,0,"46,00","0,00",0.0,0.0,0.0
2066,11.4.2024,"46,00",0,0,"46,00","0,00",0.0,0.0,0.0
2067,09.4.2024,"46,00",0,0,"46,00","0,00",0.0,0.0,0.0
2068,08.4.2024,"46,00",0,0,"46,00","0,00",0.0,0.0,0.0
2069,05.4.2024,"46,00",0,0,"46,00","0,00",0.0,0.0,0.0
2070,04.4.2024,"46,00",0,0,"46,00","0,00",0.0,0.0,0.0
2071,03.4.2024,"46,00",0,0,"46,00","0,00",0.0,0.0,0.0
2072,02.4.2024,"46,00",0,0,"46,00","0,00",0.0,0.0,0.0
2073,01.4.2024,"46,00",0,0,"46,00","0,00",0.0,0.0,0.0
2074,29.3.2024,"46,00",0,0,"46,00","0,00",0.0,0.0,0.0
2075,28.3.2024,"46,00",0,0,"46,00","0,00",0.0,0.0,0.0
2076,27.3.2024,"46,00",0,0,"46,00","0,00",0.0,0.0,0.0
2077,26.3.2024,"46,00",0,0,"46,00","0,00",0.0,0.0,0.0
2078,25.3.2024,"46,00",0,0,"46,00","0,00",0.0,0.0,0.0
2079,22.3.2024,"46,00",0,0,"46,00","0,00",0.0,0.0,0.0
2080,21.3.2024,"46,00",0,0,"46,00","0,00",0.0,0.0,0.0
2081,20.3.2024,"46,00",0,0,"46,00","0,00",0.0,0.0,0.0
2082,19.3.2024,"46,00",0,0,"46,00","0,00",0.0,0.0,0.0
2083,18.3.2024,"46,00",0,0,"46,00","0,00",0.0,0.0,0.0
2084,15.3.2024,"46,00",0,0,"46,00","0,00",0.0,0.0,0.0
2085,14.3.2024,"46,00",0,0,"46,00","0,00",0.0,0.0,0.0
2086,13.3.2024,"46,00",0,0,"46,00","0,00",0.0,0.0,0.0
2087,12.3.2024,"46,00",0,0,"46,00","0,00",0.0,0.0,0.0
2088,11.3.2024,"46,00",0,0,"46,00","0,00",0.0,0.0,0.0
2089,08.3.2024,"46,00",0,0,"46,00","0,00",0.0,0.0,0.0
2090,07.3.2024,"46,00",0,0,"46,00","0,00",0.0,0.0,0.0
2091,06.3.2024,"46,00",0,0,"46,00","0,00",0.0,0.0,0.0
2092,05.3.2024,"46,00",0,0,"46,00","0,00",0.0,0.0,0.0
2093,04.3.2024,"46,00",0,0,"46,00","0,00",0.0,0.0,0.0
2094,01.3.2024,"46,00",0,0,"46,00","0,00",0.0,0.0,0.0
2095,29.2.2024,"46,00",0,0,"46,00","0,00",0.0,0.0,0.0
2096,28.2.2024,"46,00",0,0,"46,00","0,00",0.0,0.0,0.0
2097,27.2.2024,"46,00",0,0,"46,00","0,00",0.0,0.0,0.0
2098,26.2.2024,"46,00",0,0,"46,00","0,00",0.0,0.0,0.0
2099,23.2.2024,"46,00",0,0,"46,00","0,00",0.0,0.0,0.0
2100,22.2.2024,"46,00",0,0,"46,00","0,00",0.0,0.0,0.0
2101,21.2.2024,"46,00",0,0,"46,00","0,00",0.0,0.0,0.0
2102,20.2.2024,"46,00",0,0,"46,00","0,00",0.0,0.0,0.0
2103,19.2.2024,"46,00",0,0,"46,00","0,00",0.0,0.0,0.0
2104,16.2.2024,"46,00",0,0,"46,00","0,00",0.0,0.0,0.0
2105,15.2.2024,"46,00",0,0,"46,00","0,00",0.0,0.0,0.0
2106,14.2.2024,"46,00",0,0,"46,00","0,00",0.0,0.0,0.0
2107,13.2.2024,"46,00",0,0,"46,00","0,00",0.0,0.0,0.0
2108,12.2.2024,"46,00",0,0,"46,00","0,00",0.0,0.0,0.0
2109,09.2.2024,"46,00",0,0,"46,00","0,00",0.0,0.0,0.0
2110,08.2.2024,"46,00",0,0,"46,00","0,00",0.0,0.0,0.0
2111,07.2.2024,"46,00",0,0,"46,00","0,00",0.0,0.0,0.0
2112,06.2.2024,"46,00",0,0,"46,00","0,00",0.0,0.0,0.0
2113,05.2.2024,"46,00",0,0,"46,00","0,00",0.0,0.0,0.0
2114,02.2.2024,"46,00",0,0,"46,00","0,00",0.0,0.0,0.0
2115,01.2.2024,"46,00",0,0,"46,00","0,00",0.0,0.0,0.0
2116,31.1.2024,"46,00",0,0,"46,00","0,00",0.0,0.0,0.0
2117,30.1.2024,"46,00",0,0,"46,00","0,00",0.0,0.0,0.0
2118,29.1.2024,"46,00",0,0,"46,00","0,00",0.0,0.0,0.0
2119,26.1.2024,"46,00",0,0,"46,00","0,00",0.0,0.0,0.0
2120,25.1.2024,"46,00",0,0,"46,00","0,00",0.0,0.0,0.0
2121,24.1.2024,"46,00",0,0,"46,00","0,00",0.0,0.0,0.0
2122,23.1.2024,"46,00",0,0,"46,00","0,00",0.0,0.0,0.0
2123,22.1.2024,"46,00",0,0,"46,00","0,00",0.0,0.0,0.0
2124,18.1.2024,"46,00",0,0,"46,00","0,00",0.0,0.0,0.0
2125,17.1.2024,"46,00",0,0,"46,00","0,00",0.0,0.0,0.0
2126,16.1.2024,"46,00",0,0,"46,00","0,00",0.0,0.0,0.0
2127,15.1.2024,"46,00",0,0,"46,00","0,00",0.0,0.0,0.0
2128,12.1.2024,"46,00",0,0,"46,00","0,00",0.0,0.0,0.0
2129,11.1.2024,"46,00",0,0,"46,00","0,00",0.0,0.0,0.0
2130,10.1.2024,"46,00",0,0,"46,00","0,00",0.0,0.0,0.0
2131,09.1.2024,"46,00",0,0,"46,00","0,00",0.0,0.0,0.0
2132,05.1.2024,"46,00",0,0,"46,00","0,00",0.0,0.0,0.0
2133,04.1.2024,"46,00",0,0,"46,00","0,00",0.0,0.0,0.0
2134,03.1.2024,"46,00",0,0,"46,00","0,00",0.0,0.0,0.0
2135,02.1.2024,"46,00",0,0,"46,00","0,00",0.0,0.0,0.0
2136,28.12.2023,"46,00",0,0,"46,00","0,00",0.0,0.0,0.0
2137,27.12.2023,"46,00",0,0,"46,00","0,00",0.0,0.0,0.0
2138,26.12.2023,"46,00",0,0,"46,00","0,00",0.0,0.0,0.0
2139,25.12.2023,"46,00",0,0,"46,00","0,00",0.0,0.0,0.0
2140,22.12.2023,"46,00",0,0,"46,00","0,00",0.0,0.0,0.0
2141,21.12.2023,"46,00",0,0,"46,00","0,00",0.0,0.0,0.0
2142,20.12.2023,"46,00",0,0,"46,00","0,00",0.0,0.0,0.0
2143,19.12.2023,"46,00",0,0,"46,00","0,00",0.0,0.0,0.0
2144,18.12.2023,"46,00",0,0,"46,00","0,00",0.0,0.0,0.0
2145,15.12.2023,"46,00",0,0,"46,00","0,00",0.0,0.0,0.0
2146,14.12.2023,"46,00",0,0,"46,00","0,00",0.0,0.0,0.0
2147,13.12.2023,"46,00",0,0,"46,00","0,00",0.0,0.0,0.0
2148,12.12.2023,"46,00",0,0,"46,00","0,00",0.0,0.0,0.0
2149,11.12.2023,"46,00",0,0,"46,00","0,00",0.0,0.0,0.0
2150,07.12.2023,"46,00",0,0,"46,00","0,00",0.0,0.0,0.0
2151,06.12.2023,"46,00",0,0,"46,00","0,00",0.0,0.0,0.0
2152,05.12.2023,"46,00",0,0,"46,00","0,00",0.0,0.0,0.0
2153,04.12.2023,"46,00",0,0,"46,00","0,00",0.0,0.0,0.0
2154,01.12.2023,"46,00",0,0,"46,00","0,00",0.0,0.0,0.0
2155,30.11.2023,"46,00",0,0,"46,00","0,00",0.0,0.0,0.0
2156,29.11.2023,"46,00",0,0,"46,00","0,00",0.0,0.0,0.0
2157,28.11.2023,"46,00",0,0,"46,00","0,00",0.0,0.0,0.0
2158,27.11.2023,"46,00",0,0,"46,00","0,00",0.0,0.0,0.0
2159,24.11.2023,"46,00",0,0,"46,00","0,00",0.0,0.0,0.0
2160,23.11.2023,"46,00",0,0,"46,00","0,00",0.0,0.0,0.0
2161,22.11.2023,"46,00",0,0,"46,00","0,00",0.0,0.0,0.0
2162,21.11.2023,"46,00",0,0,"46,00","0,00",0.0,0.0,0.0
2163,20.11.2023,"46,00",0,0,"46,00","0,00",0.0,0.0,0.0
2164,17.11.2023,"46,00",0,0,"46,00","0,00",0.0,0.0,0.0
2165,16.11.2023,"46,00",0,0,"46,00","0,00",0.0,0.0,0.0
2166,15.11.2023,"46,00",0,0,"46,00","0,00",0.0,0.0,0.0
2167,14.11.2023,"46,00",0,0,"46,00","0,00",0.0,0.0,0.0
2168,13.11.2023,"46,00",0,0,"46,00","0,00",0.0,0.0,0.0
2169,07.11.2024,"16,00",0,0,"16,00","0,00",0.0,0.0,0.0
2170,06.11.2024,"16,00",0,0,"16,00","0,00",0.0,0.0,0.0
2171,05.11.2024,"16,00",0,0,"16,00","0,00",0.0,0.0,0.0
2172,04.11.2024,"16,00",0,0,"16,00","0,00",0.0,0.0,0.0
2173,01.11.2024,"16,00",0,0,"16,00","0,00",0.0,0.0,0.0
2174,31.10.2024,"16,00",0,0,"16,00","0,00",0.0,0.0,0.0
2175,30.10.2024,"16,00",0,0,"16,00","0,00",0.0,0.0,0.0
2176,29.10.2024,"16,00",0,0,"16,00","0,00",0.0,0.0,0.0
2177,28.10.2024,"16,00",0,0,"16,00","0,00",0.0,0.0,0.0
2178,25.10.2024,"16,00",0,0,"16,00","0,00",0.0,0.0,0.0
2179,24.10.2024,"16,00",0,0,"16,00","0,00",0.0,0.0,0.0
2180,22.10.2024,"16,00",0,0,"16,00","0,00",0.0,0.0,0.0
2181,21.10.2024,"16,00",0,0,"16,00","0,00",0.0,0.0,0.0
2182,18.10.2024,"16,00",0,0,"16,00","0,00",0.0,0.0,0.0
2183,17.10.2024,"16,00",0,0,"16,00","0,00",0.0,0.0,0.0
2184,16.10.2024,"16,00",0,0,"16,00","0,00",0.0,0.0,0.0
2185,15.10.2024,"16,00",0,0,"16,00","0,00",0.0,0.0,0.0
2186,14.10.2024,"16,00","16,00","16,00","16,00","0,00",2.7,43.2,43.2
2187,10.10.2024,"16,00",0,0,"16,00","0,00",0.0,0.0,0.0
2188,09.10.2024,"16,00",0,0,"16,00","0,00",0.0,0.0,0.0
2189,08.10.2024,"16,00",0,0,"16,00","0,00",0.0,0.0,0.0
2190,07.10.2024,"16,00",0,0,"16,00","0,00",0.0,0.0,0.0
2191,04.10.2024,"16,00",0,0,"16,00","0,00",0.0,0.0,0.0
2192,03.10.2024,"16,00",0,0,"16,00","0,00",0.0,0.0,0.0
2193,02.10.2024,"16,00","16,00","16,00","16,00","0,00",449.0,7.184,7.184
2194,01.10.2024,"16,00",0,0,"16,00","0,00",0.0,0.0,0.0
2195,30.9.2024,"16,00",0,0,"16,00","0,00",0.0,0.0,0.0
2196,27.9.2024,"16,00",0,0,"16,00","0,00",0.0,0.0,0.0
2197,26.9.2024,"16,00",0,0,"16,00","0,00",0.0,0.0,0.0
2198,25.9.2024,"16,00",0,0,"16,00","0,00",0.0,0.0,0.0
2199,24.9.2024,"16,00","16,00","16,00","16,00","-15,79",349.0,5.584,5.584
2200,23.9.2024,"19,00",0,0,"19,00","0,00",0.0,0.0,0.0
2201,20.9.2024,"19,00",0,0,"19,00","0,00",0.0,0.0,0.0
2202,19.9.2024,"19,00",0,0,"19,00","0,00",0.0,0.0,0.0
2203,18.9.2024,"19,00",0,0,"19,00","0,00",0.0,0.0,0.0
2204,17.9.2024,"19,00",0,0,"19,00","0,00",0.0,0.0,0.0
2205,16.9.2024,"19,00",0,0,"19,00","0,00",0.0,0.0,0.0
2206,13.9.2024,"19,00",0,0,"19,00","0,00",0.0,0.0,0.0
2207,12.9.2024,"19,00",0,0,"19,00","0,00",0.0,0.0,0.0
2208,11.9.2024,"19,00",0,0,"19,00","0,00",0.0,0.0,0.0
2209,10.9.2024,"19,00",0,0,"19,00","0,00",0.0,0.0,0.0
2210,06.9.2024,"19,00",0,0,"19,00","0,00",0.0,0.0,0.0
2211,05.9.2024,"19,00",0,0,"19,00","0,00",0.0,0.0,0.0
2212,04.9.2024,"19,00",0,0,"19,00","0,00",0.0,0.0,0.0
2213,03.9.2024,"19,00",0,0,"19,00","0,00",0.0,0.0,0.0
2214,02.9.2024,"19,00",0,0,"19,00","0,00",0.0,0.0,0.0
2215,30.8.2024,"19,00",0,0,"19,00","0,00",0.0,0.0,0.0
2216,29.8.2024,"19,00",0,0,"19,00","0,00",0.0,0.0,0.0
2217,27.8.2024,"19,00",0,0,"19,00","0,00",0.0,0.0,0.0
2218,26.8.2024,"19,00",0,0,"19,00","0,00",0.0,0.0,0.0
2219,23.8.2024,"19,00",0,0,"19,00","0,00",0.0,0.0,0.0
2220,22.8.2024,"19,00",0,0,"19,00","0,00",0.0,0.0,0.0
2221,21.8.2024,"19,00",0,0,"19,00","0,00",0.0,0.0,0.0
2222,20.8.2024,"19,00",0,0,"19,00","0,00",0.0,0.0,0.0
2223,19.8.2024,"19,00",0,0,"19,00","0,00",0.0,0.0,0.0
2224,16.8.2024,"19,00",0,0,"19,00","0,00",0.0,0.0,0.0
2225,15.8.2024,"19,00",0,0,"19,00","0,00",0.0,0.0,0.0
2226,14.8.2024,"19,00",0,0,"19,00","0,00",0.0,0.0,0.0
2227,13.8.2024,"19,00",0,0,"19,00","0,00",0.0,0.0,0.0
2228,12.8.2024,"19,00",0,0,"19,00","0,00",0.0,0.0,0.0
2229,09.8.2024,"19,00",0,0,"19,00","0,00",0.0,0.0,0.0
2230,08.8.2024,"19,00",0,0,"19,00","0,00",0.0,0.0,0.0
2231,07.8.2024,"19,00",0,0,"19,00","0,00",0.0,0.0,0.0
2232,06.8.2024,"19,00",0,0,"19,00","0,00",0.0,0.0,0.0
2233,05.8.2024,"19,00",0,0,"19,00","0,00",0.0,0.0,0.0
2234,01.8.2024,"19,00","19,00","19,00","19,00","-5,00",120.0,2.28,2.28
2235,31.7.2024,"20,00",0,0,"20,00","0,00",0.0,0.0,0.0
2236,30.7.2024,"20,00",0,0,"20,00","0,00",0.0,0.0,0.0
2237,29.7.2024,"20,00",0,0,"20,00","0,00",0.0,0.0,0.0
2238,26.7.2024,"20,00",0,0,"20,00","0,00",0.0,0.0,0.0
2239,25.7.2024,"20,00",0,0,"20,00","0,00",0.0,0.0,0.0
2240,24.7.2024,"20,00",0,0,"20,00","0,00",0.0,0.0,0.0
2241,23.7.2024,"20,00",0,0,"20,00","0,00",0.0,0.0,0.0
2242,22.7.2024,"20,00",0,0,"20,00","0,00",0.0,0.0,0.0
2243,19.7.2024,"20,00",0,0,"20,00","0,00",0.0,0.0,0.0
2244,18.7.2024,"20,00",0,0,"20,00","0,00",0.0,0.0,0.0
2245,17.7.2024,"20,00",0,0,"20,00","0,00",0.0,0.0,0.0
2246,16.7.2024,"20,00",0,0,"20,00","0,00",0.0,0.0,0.0
2247,15.7.2024,"20,00",0,0,"20,00","0,00",0.0,0.0,0.0
2248,12.7.2024,"20,00",0,0,"20,00","0,00",0.0,0.0,0.0
2249,11.7.2024,"20,00",0,0,"20,00","0,00",0.0,0.0,0.0
2250,10.7.2024,"20,00",0,0,"20,00","0,00",0.0,0.0,0.0
2251,09.7.2024,"20,00",0,0,"20,00","0,00",0.0,0.0,0.0
2252,08.7.2024,"20,00",0,0,"20,00","0,00",0.0,0.0,0.0
2253,05.7.2024,"20,00",0,0,"20,00","0,00",0.0,0.0,0.0
2254,04.7.2024,"20,00",0,0,"20,00","0,00",0.0,0.0,0.0
2255,03.7.2024,"20,00",0,0,"20,00","0,00",0.0,0.0,0.0
2256,02.7.2024,"20,00",0,0,"20,00","0,00",0.0,0.0,0.0
2257,01.7.2024,"20,00",0,0,"20,00","0,00",0.0,0.0,0.0
2258,28.6.2024,"20,00",0,0,"20,00","0,00",0.0,0.0,0.0
2259,27.6.2024,"20,00",0,0,"20,00","0,00",0.0,0.0,0.0
2260,26.6.2024,"20,00",0,0,"20,00","0,00",0.0,0.0,0.0
2261,25.6.2024,"20,00",0,0,"20,00","0,00",0.0,0.0,0.0
2262,24.6.2024,"20,00",0,0,"20,00","0,00",0.0,0.0,0.0
2263,20.6.2024,"20,00",0,0,"20,00","0,00",0.0,0.0,0.0
2264,19.6.2024,"20,00",0,0,"20,00","0,00",0.0,0.0,0.0
2265,18.6.2024,"20,00",0,0,"20,00","0,00",0.0,0.0,0.0
2266,17.6.2024,"20,00",0,0,"20,00","0,00",0.0,0.0,0.0
2267,14.6.2024,"20,00",0,0,"20,00","0,00",0.0,0.0,0.0
2268,13.6.2024,"20,00",0,0,"20,00","0,00",0.0,0.0,0.0
2269,12.6.2024,"20,00",0,0,"20,00","0,00",0.0,0.0,0.0
2270,11.6.2024,"20,00","20,00","20,00","20,00","-56,52",300.0,6.0,6.0
2271,10.6.2024,"46,00",0,0,"46,00","0,00",0.0,0.0,0.0
2272,07.6.2024,"46,00",0,0,"46,00","0,00",0.0,0.0,0.0
2273,06.6.2024,"46,00",0,0,"46,00","0,00",0.0,0.0,0.0
2274,05.6.2024,"46,00",0,0,"46,00","0,00",0.0,0.0,0.0
2275,04.6.2024,"46,00",0,0,"46,00","0,00",0.0,0.0,0.0
2276,03.6.2024,"46,00",0,0,"46,00","0,00",0.0,0.0,0.0
2277,31.5.2024,"46,00",0,0,"46,00","0,00",0.0,0.0,0.0
2278,30.5.2024,"46,00",0,0,"46,00","0,00",0.0,0.0,0.0
2279,29.5.2024,"46,00",0,0,"46,00","0,00",0.0,0.0,0.0
2280,28.5.2024,"46,00",0,0,"46,00","0,00",0.0,0.0,0.0
2281,27.5.2024,"46,00",0,0,"46,00","0,00",0.0,0.0,0.0
2282,23.5.2024,"46,00",0,0,"46,00","0,00",0.0,0.0,0.0
2283,22.5.2024,"46,00",0,0,"46,00","0,00",0.0,0.0,0.0
2284,21.5.2024,"46,00",0,0,"46,00","0,00",0.0,0.0,0.0
2285,20.5.2024,"46,00",0,0,"46,00","0,00",0.0,0.0,0.0
2286,17.5.2024,"46,00",0,0,"46,00","0,00",0.0,0.0,0.0
2287,16.5.2024,"46,00",0,0,"46,00","0,00",0.0,0.0,0.0
2288,15.5.2024,"46,00",0,0,"46,00","0,00",0.0,0.0,0.0
2289,14.5.2024,"46,00",0,0,"46,00","0,00",0.0,0.0,0.0
2290,13.5.2024,"46,00",0,0,"46,00","0,00",0.0,0.0,0.0
2291,10.5.2024,"46,00",0,0,"46,00","0,00",0.0,0.0,0.0
2292,09.5.2024,"46,00",0,0,"46,00","0,00",0.0,0.0,0.0
2293,07.5.2024,"46,00",0,0,"46,00","0,00",0.0,0.0,0.0
2294,02.5.2024,"46,00",0,0,"46,00","0,00",0.0,0.0,0.0
2295,30.4.2024,"46,00",0,0,"46,00","0,00",0.0,0.0,0.0
2296,29.4.2024,"46,00",0,0,"46,00","0,00",0.0,0.0,0.0
2297,26.4.2024,"46,00",0,0,"46,00","0,00",0.0,0.0,0.0
2298,25.4.2024,"46,00",0,0,"46,00","0,00",0.0,0.0,0.0
2299,23.4.2024,"46,00",0,0,"46,00","0,00",0.0,0.0,0.0
2300,22.4.2024,"46,00",0,0,"46,00","0,00",0.0,0.0,0.0
2301,19.4.2024,"46,00",0,0,"46,00","0,00",0.0,0.0,0.0
2302,18.4.2024,"46,00",0,0,"46,00","0,00",0.0,0.0,0.0
2303,17.4.2024,"46,00",0,0,"46,00","0,00",0.0,0.0,0.0
2304,16.4.2024,"46,00",0,0,"46,00","0,00",0.0,0.0,0.0
2305,15.4.2024,"46,00",0,0,"46,00","0,00",0.0,0.0,0.0
2306,12.4.2024,"46,00",0,0,"46,00","0,00",0.0,0.0,0.0
2307,11.4.2024,"46,00",0,0,"46,00","0,00",0.0,0.0,0.0
2308,09.4.2024,"46,00",0,0,"46,00","0,00",0.0,0.0,0.0
2309,08.4.2024,"46,00",0,0,"46,00","0,00",0.0,0.0,0.0
2310,05.4.2024,"46,00",0,0,"46,00","0,00",0.0,0.0,0.0
2311,04.4.2024,"46,00",0,0,"46,00","0,00",0.0,0.0,0.0
2312,03.4.2024,"46,00",0,0,"46,00","0,00",0.0,0.0,0.0
2313,02.4.2024,"46,00",0,0,"46,00","0,00",0.0,0.0,0.0
2314,01.4.2024,"46,00",0,0,"46,00","0,00",0.0,0.0,0.0
2315,29.3.2024,"46,00",0,0,"46,00","0,00",0.0,0.0,0.0
2316,28.3.2024,"46,00",0,0,"46,00","0,00",0.0,0.0,0.0
2317,27.3.2024,"46,00",0,0,"46,00","0,00",0.0,0.0,0.0
2318,26.3.2024,"46,00",0,0,"46,00","0,00",0.0,0.0,0.0
2319,25.3.2024,"46,00",0,0,"46,00","0,00",0.0,0.0,0.0
2320,22.3.2024,"46,00",0,0,"46,00","0,00",0.0,0.0,0.0
2321,21.3.2024,"46,00",0,0,"46,00","0,00",0.0,0.0,0.0
2322,20.3.2024,"46,00",0,0,"46,00","0,00",0.0,0.0,0.0
2323,19.3.2024,"46,00",0,0,"46,00","0,00",0.0,0.0,0.0
2324,18.3.2024,"46,00",0,0,"46,00","0,00",0.0,0.0,0.0
2325,15.3.2024,"46,00",0,0,"46,00","0,00",0.0,0.0,0.0
2326,14.3.2024,"46,00",0,0,"46,00","0,00",0.0,0.0,0.0
2327,13.3.2024,"46,00",0,0,"46,00","0,00",0.0,0.0,0.0
2328,12.3.2024,"46,00",0,0,"46,00","0,00",0.0,0.0,0.0
2329,11.3.2024,"46,00",0,0,"46,00","0,00",0.0,0.0,0.0
2330,08.3.2024,"46,00",0,0,"46,00","0,00",0.0,0.0,0.0
2331,07.3.2024,"46,00",0,0,"46,00","0,00",0.0,0.0,0.0
2332,06.3.2024,"46,00",0,0,"46,00","0,00",0.0,0.0,0.0
2333,05.3.2024,"46,00",0,0,"46,00","0,00",0.0,0.0,0.0
2334,04.3.2024,"46,00",0,0,"46,00","0,00",0.0,0.0,0.0
2335,01.3.2024,"46,00",0,0,"46,00","0,00",0.0,0.0,0.0
2336,29.2.2024,"46,00",0,0,"46,00","0,00",0.0,0.0,0.0
2337,28.2.2024,"46,00",0,0,"46,00","0,00",0.0,0.0,0.0
2338,27.2.2024,"46,00",0,0,"46,00","0,00",0.0,0.0,0.0
2339,26.2.2024,"46,00",0,0,"46,00","0,00",0.0,0.0,0.0
2340,23.2.2024,"46,00",0,0,"46,00","0,00",0.0,0.0,0.0
2341,22.2.2024,"46,00",0,0,"46,00","0,00",0.0,0.0,0.0
2342,21.2.2024,"46,00",0,0,"46,00","0,00",0.0,0.0,0.0
2343,20.2.2024,"46,00",0,0,"46,00","0,00",0.0,0.0,0.0
2344,19.2.2024,"46,00",0,0,"46,00","0,00",0.0,0.0,0.0
2345,16.2.2024,"46,00",0,0,"46,00","0,00",0.0,0.0,0.0
2346,15.2.2024,"46,00",0,0,"46,00","0,00",0.0,0.0,0.0
2347,14.2.2024,"46,00",0,0,"46,00","0,00",0.0,0.0,0.0
2348,13.2.2024,"46,00",0,0,"46,00","0,00",0.0,0.0,0.0
2349,12.2.2024,"46,00",0,0,"46,00","0,00",0.0,0.0,0.0
2350,09.2.2024,"46,00",0,0,"46,00","0,00",0.0,0.0,0.0
2351,08.2.2024,"46,00",0,0,"46,00","0,00",0.0,0.0,0.0
2352,07.2.2024,"46,00",0,0,"46,00","0,00",0.0,0.0,0.0
2353,06.2.2024,"46,00",0,0,"46,00","0,00",0.0,0.0,0.0
2354,05.2.2024,"46,00",0,0,"46,00","0,00",0.0,0.0,0.0
2355,02.2.2024,"46,00",0,0,"46,00","0,00",0.0,0.0,0.0
2356,01.2.2024,"46,00",0,0,"46,00","0,00",0.0,0.0,0.0
2357,31.1.2024,"46,00",0,0,"46,00","0,00",0.0,0.0,0.0
2358,30.1.2024,"46,00",0,0,"46,00","0,00",0.0,0.0,0.0
2359,29.1.2024,"46,00",0,0,"46,00","0,00",0.0,0.0,0.0
2360,26.1.2024,"46,00",0,0,"46,00","0,00",0.0,0.0,0.0
2361,25.1.2024,"46,00",0,0,"46,00","0,00",0.0,0.0,0.0
2362,24.1.2024,"46,00",0,0,"46,00","0,00",0.0,0.0,0.0
2363,23.1.2024,"46,00",0,0,"46,00","0,00",0.0,0.0,0.0
2364,22.1.2024,"46,00",0,0,"46,00","0,00",0.0,0.0,0.0
2365,18.1.2024,"46,00",0,0,"46,00","0,00",0.0,0.0,0.0
2366,17.1.2024,"46,00",0,0,"46,00","0,00",0.0,0.0,0.0
2367,16.1.2024,"46,00",0,0,"46,00","0,00",0.0,0.0,0.0
2368,15.1.2024,"46,00",0,0,"46,00","0,00",0.0,0.0,0.0
2369,12.1.2024,"46,00",0,0,"46,00","0,00",0.0,0.0,0.0
2370,11.1.2024,"46,00",0,0,"46,00","0,00",0.0,0.0,0.0
2371,10.1.2024,"46,00",0,0,"46,00","0,00",0.0,0.0,0.0
2372,09.1.2024,"46,00",0,0,"46,00","0,00",0.0,0.0,0.0
2373,05.1.2024,"46,00",0,0,"46,00","0,00",0.0,0.0,0.0
2374,04.1.2024,"46,00",0,0,"46,00","0,00",0.0,0.0,0.0
2375,03.1.2024,"46,00",0,0,"46,00","0,00",0.0,0.0,0.0
2376,02.1.2024,"46,00",0,0,"46,00","0,00",0.0,0.0,0.0
2377,28.12.2023,"46,00",0,0,"46,00","0,00",0.0,0.0,0.0
2378,27.12.2023,"46,00",0,0,"46,00","0,00",0.0,0.0,0.0
2379,26.12.2023,"46,00",0,0,"46,00","0,00",0.0,0.0,0.0
2380,25.12.2023,"46,00",0,0,"46,00","0,00",0.0,0.0,0.0
2381,22.12.2023,"46,00",0,0,"46,00","0,00",0.0,0.0,0.0
2382,21.12.2023,"46,00",0,0,"46,00","0,00",0.0,0.0,0.0
2383,20.12.2023,"46,00",0,0,"46,00","0,00",0.0,0.0,0.0
2384,19.12.2023,"46,00",0,0,"46,00","0,00",0.0,0.0,0.0
2385,18.12.2023,"46,00",0,0,"46,00","0,00",0.0,0.0,0.0
2386,15.12.2023,"46,00",0,0,"46,00","0,00",0.0,0.0,0.0
2387,14.12.2023,"46,00",0,0,"46,00","0,00",0.0,0.0,0.0
2388,13.12.2023,"46,00",0,0,"46,00","0,00",0.0,0.0,0.0
2389,12.12.2023,"46,00",0,0,"46,00","0,00",0.0,0.0,0.0
2390,11.12.2023,"46,00",0,0,"46,00","0,00",0.0,0.0,0.0
2391,07.12.2023,"46,00",0,0,"46,00","0,00",0.0,0.0,0.0
2392,06.12.2023,"46,00",0,0,"46,00","0,00",0.0,0.0,0.0
2393,05.12.2023,"46,00",0,0,"46,00","0,00",0.0,0.0,0.0
2394,04.12.2023,"46,00",0,0,"46,00","0,00",0.0,0.0,0.0
2395,01.12.2023,"46,00",0,0,"46,00","0,00",0.0,0.0,0.0
2396,30.11.2023,"46,00",0,0,"46,00","0,00",0.0,0.0,0.0
2397,29.11.2023,"46,00",0,0,"46,00","0,00",0.0,0.0,0.0
2398,28.11.2023,"46,00",0,0,"46,00","0,00",0.0,0.0,0.0
2399,27.11.2023,"46,00",0,0,"46,00","0,00",0.0,0.0,0.0
2400,24.11.2023,"46,00",0,0,"46,00","0,00",0.0,0.0,0.0
2401,23.11.2023,"46,00",0,0,"46,00","0,00",0.0,0.0,0.0
2402,22.11.2023,"46,00",0,0,"46,00","0,00",0.0,0.0,0.0
2403,21.11.2023,"46,00",0,0,"46,00","0,00",0.0,0.0,0.0
2404,20.11.2023,"46,00",0,0,"46,00","0,00",0.0,0.0,0.0
2405,17.11.2023,"46,00",0,0,"46,00","0,00",0.0,0.0,0.0
2406,16.11.2023,"46,00",0,0,"46,00","0,00",0.0,0.0,0.0
2407,15.11.2023,"46,00",0,0,"46,00","0,00",0.0,0.0,0.0
2408,14.11.2023,"46,00",0,0,"46,00","0,00",0.0,0.0,0.0
2409,13.11.2023,"46,00",0,0,"46,00","0,00",0.0,0.0,0.0
